0.7187872189504646
0.6514389780522629
0.5541013400947151
0.7021130939182180
0.1590152303593703
0.5852220641833901
0.5968287315091618
0.2443202198684521
0.0460628270897247
0.9596116408066219
0.4518600118915054
0.2724466452820275
0.7028664459542348
0.0857972051944367
0.8806320743801083
0.1130984350093708
0.6637663720739407
0.5588700125043953
0.7860099400838362
0.9186107828945120
0.7219618095044548
0.4411597666649612
0.5983005491822911
0.7656774870260360
0.2723273920516428
0.6801816738945481
0.7210442151681060
0.4772478495715947
0.3345711725362155
0.9430668606689340
0.4437305175130276
0.7053333400278266
0.1445082185570845
0.7934157180769416
0.8620400558621592
0.9121633746181079
0.4969855450114670
0.5302351817670309
0.2877703183941661
0.5406556317194594
0.8003572538147066
0.3640769428536016
0.9479254944388310
0.3261388334296331
0.1496651484284145
0.2071110676965713
0.7851859297976973
0.6579055019236511
0.1491428736179256
0.2986569222508348
0.9933379618066817
0.5035987384340408
0.9982939828223137
0.7158838665615510
0.6107806573096448
0.2636778567232327
0.6038394888720964
0.9369606913888020
0.5718652521125167
0.2650464555063346
0.4780800623362137
0.3914909692434822
0.2074404567771317
0.1446582816056940
0.7941262496408361
0.0036964588000898
0.1023611519167125
0.6593398089745374
0.8144594553125387
0.6712654351736729
0.7190893344213495
0.7664896090653423
0.8432415585383397
0.2390241948759940
0.2297670131762814
0.4588416203404987
0.7492891780331644
0.8661157624413611
0.5442167371174942
0.7502682645308998
0.5967996431703654
0.7384629162081962
0.0817691580596688
0.3367191680396783
0.1228020904573432
0.7386681168676124
0.5324827465444406
0.3594394898785219
0.8330143000919197
0.5290285509473970
0.1319571372047092
0.3488979079095639
0.7539926162132834
0.0583953194091268
0.0517334556179089
0.9876469417193361
0.7547265815832169
0.5367909216484076
0.2350754887305724
0.2267520585563478
0.2218707078200048
0.3845658512481573
0.6528678566602368
0.1149911031472244
0.0850031406155904
0.4410294558101822
0.4524373767246517
0.8073516416080508
0.5817284933349993
0.4796031573186577
0.3506857335917854
0.8066124911022279
0.2874645545060073
0.8502467404985323
0.9396563272745521
0.1895990057710448
0.6928351332079232
0.1038815787152739
0.0487434133535158
0.8577344743468408
0.1490276843580254
0.5823388813049047
0.6524808684157082
0.4525473322337615
0.1247452788199290
0.1788591716395490
0.1570876146880303
0.3176317379331253
0.3884919999000623
0.3419392484070875
0.6511799139787477
0.9866616247944530
0.1943835442443533
0.3835452961462475
0.3605293187352868
0.4076500364887173
0.0995997118624955
0.9840946997922872
0.4496686493605735
0.7038693720936517
0.1299616049303038
0.1325066918797468
0.6217763447008883
0.2269830791910856
0.2717184764336742
0.6033804170393186
0.0378600837099548
0.8888596036137579
0.4382746262477165
0.9717680599259890
0.0202084180220969
0.0347514113303645
0.7560749209894283
0.2688340230221906
0.4197391961500611
0.6186140164188879
0.1226663959057443
0.5562412022461858
0.6453316684094581
0.0900427671846022
0.2656072486530714
0.8283997497392878
0.9650369955521221
0.0895125499555246
0.1813459110045628
0.5204159094508738
0.6578983026685519
0.0524028892822256
0.0216894810518573
0.8875407973948539
0.4884778030756720
0.3764439358374075
0.3188518905915775
0.6435511057512808
0.6977467497088543
0.9665210706916983
0.8576328637027985
0.6229425682576037
0.3782267087321694
0.6666284095000184
0.3579761233734214
0.6110088285093131
0.5299969742347435
0.0975716676363866
0.8077190996592075
0.4945941147891822
0.3212096664371611
0.2150434562885076
0.2568819389265276
0.5958210426622600
0.5453860098473761
0.0015277647357980
0.0754555178591590
0.4558980106802504
0.7352942682803196
0.3075819733351988
0.2259390156031464
0.3394162131511695
0.2576510300171304
0.1343070307562710
0.1638173014068128
0.9397920519423220
0.1737898451569295
0.9870958890792882
0.2854165800248073
0.1579432203573517
0.7702085251909968
0.3768438685064905
0.1583506684526209
0.5566364733629398
0.4429388424750932
0.0373900484830278
0.2877218186759193
0.9993685412360721
0.0615322872464596
0.2526376319401877
0.6920980973312761
0.6174730067113523
0.6606548009916915
0.5390495371297148
0.8350316062576944
0.6267572955943900
0.7956792022739325
0.9042074789788468
0.7427971396181114
0.1613535498930184
0.0106189468796166
0.8486494415747468
0.2993245579185065
0.0983751939671313
0.1782886312393608
0.7933914594215285
0.7941846390599487
0.1516895972724336
0.2051508047790697
0.8310222387213884
0.5190846080228521
0.5443547465141163
0.1961665098893903
0.3415238990549365
0.6135545225695176
0.6154145742345753
0.3681594185556499
0.7840564645828732
0.8635726539927309
0.6623928825419794
0.9066869003153254
0.1196172344420577
0.8139585189985599
0.0836855226868798
0.2867292615943574
0.2729854848430954
0.5768985377246460
0.7389205463710873
0.4029787564860727
0.0535158445139238
0.2754182146930875
0.2699643014114118
0.7574203010312339
0.5545357866523902
0.6682277179666918
0.1511406927192756
0.6869348409882743
0.0528500555840474
0.2175908623051110
0.7398429057998794
0.0386077248437324
0.5031905449833241
0.0775082381486829
0.7608206316007096
0.1743086107402399
0.6632324559478868
0.4036934758699446
0.5529233025048435
0.4729193406740051
0.3860715672420241
0.3411381929002403
0.5747123282244196
0.4392385528634882
0.7780115095918815
0.3940363093904016
0.0667992523605661
0.6807228966260662
0.0657079429867622
0.5487353040028538
0.2341592250795135
0.9252947578048241
0.0782409869582342
0.7381948818132085
0.8922085996034961
0.3992244583336827
0.5553194981487642
0.1063617255457139
0.7545288652326046
0.4432232796070387
0.1998543744878103
0.4599058480796200
0.0304066420894615
0.0441713848031453
0.0684742580622316
0.8762596378467364
0.2969903639634469
0.6895644137118917
0.0314573719769513
0.9973008387098626
0.8223002620950912
0.9162029322422041
0.1036323813609288
0.8614695984068549
0.1958128318268508
0.5783000903870616
0.8118318755552931
0.9633665461350226
0.5786241882363854
0.8407295341889019
0.5754648985916758
0.7258333986600162
0.7609006145868841
0.6543303633925447
0.5952036713110783
0.4477598876506959
0.4314306499051683
0.4179727711863550
0.9617776005953285
0.0632665068033474
0.6149185608613765
0.9269462866667743
0.8343877722112515
0.2840831710334640
0.3806174991852502
0.2694177687073058
0.5907096897240396
0.8772915204217687
0.9125347340955667
0.4802841012598944
0.6905394199731824
0.9702642557427821
0.0435276041359039
0.7877797571577849
0.1279252364674173
0.8398147658873045
0.9089041355620978
0.2658462005093371
0.4986291700210159
0.5089864567006563
0.6966190769856081
0.0280599281289868
0.2494409197450517
0.3270791734462955
0.0018479154634585
0.3147819230589848
0.3146191114554913
0.7543612319457527
0.6406501093805089
0.0300541923289215
0.7068077248635454
0.4206000045350555
0.3188775781184998
0.2334535188953783
0.0234560541611220
0.5749318571346608
0.4854252734814077
0.0153330017594191
0.1899572793243713
0.0547270063879466
0.0414803208379589
0.3335162882633324
0.1299681765935749
0.8359994365888820
0.6770783229750014
0.5989488826879269
0.2141462294608935
0.6418812085868022
0.2268623254521172
0.5118062517212556
0.3015642876147722
0.6361977404050817
0.4526019640020190
0.0360250325831378
0.7838955352691917
0.1501617649686107
0.1055635319430852
0.9851295467341187
0.8270262884756382
0.5397883017619336
0.3090064882121785
0.8015238720194031
0.7025410814195214
0.7997532844615610
0.4592901531805869
0.2826640658245504
0.4782357701029886
0.1604833963430340
0.8782789764213380
0.4495467218910246
0.8277784297607910
0.6116095497896968
0.0449954475508432
0.4084679720336514
0.3113818915072654
0.8813741526234236
0.2816246633339081
0.5381248067021739
0.7622837800599597
0.9237827877103667
0.7927536050707269
0.5303233080240198
0.7957333746203981
0.2203726911438803
0.7924064864160054
0.1155196013565684
0.3424920329819295
0.5002299936287175
0.2248549946336819
0.9663201348383624
0.8067176407489976
0.3367134066170300
0.3656262746104534
0.3171765389469741
0.8751127204548964
0.2532800240247279
0.4574211725213122
0.1524753946312640
0.5719282674203266
0.7586652384111972
0.8952856109458296
0.8582125217538237
0.2587097999860354
0.3134174339130874
0.6955013551845622
0.7531200328047718
0.6578369833935186
0.7867943932000492
0.9891190363888420
0.5788349678159170
0.5921932314974420
0.1860226235478806
0.9988061031720953
0.1972418193836822
0.8690461077640109
0.8175048966613683
0.3471549529224901
0.4032396739272906
0.5772701560824409
0.4235920525836498
0.7877014992544079
0.4528461460515180
0.3327453757637575
0.8936147898113918
0.0869432450111440
0.3207644338186189
0.3352537147958444
0.5402017957755783
0.5370548840318841
0.2141328447840110
0.0110595489809907
0.9169572542698319
0.2050295190452618
0.0242650712668517
0.8372940418050707
0.8453779898386342
0.4897507775058874
0.9631093758709981
0.3883326921184644
0.9649854927822215
0.1375709402308038
0.3877265722725030
0.9691434954304076
0.1458659337165789
0.5614132053988203
0.9073025009884893
0.8892006868704922
0.7873822579918892
0.4925566145049282
0.3490811969189848
0.4127389089495066
0.9241625089696905
0.9009336928933542
0.5216133099962416
0.3847756339646809
0.4372657557913022
0.5247412044345683
0.7683440635226746
0.0049113001634135
0.3485121850275895
0.9729683444231753
0.5050198667412113
0.5142235898362561
0.3035516506134697
0.8859303212662087
0.7249799436834891
0.2048124134285828
0.4098000080659882
0.5518767091406120
0.5849585149920645
0.0564835940090035
0.6320346740542926
0.0377510091712787
0.2709647788475408
0.6324845968013985
0.1953604450039322
0.2787487873760832
0.7850085972526451
0.6538196485417890
0.6401362137539484
0.7920575308863165
0.7904848268296352
0.7393717363030016
0.1708905641458895
0.4607175589730667
0.6111848610393003
0.9946841324852198
0.0483806323640172
0.0644285871898910
0.1768461659912286
0.5843850893211780
0.1103404009036675
0.3356225444289286
0.9290376800028732
0.3581353859677559
0.9509317512717649
0.8442486723559530
0.2318182076892672
0.3076837111298747
0.7133037515355387
0.3957033008753744
0.7710862906290194
0.4219304218937542
0.3785895556446066
0.8083293522128091
0.4884366930059695
0.9069792337179402
0.7100664324177120
0.7540069543599438
0.4741226342578351
0.6542611360456558
0.4380917010896990
0.8928411230673325
0.5848440600024714
0.2604493591476983
0.1502839205138977
0.6954044605815826
0.8164471267397474
0.8936166443946409
0.1303631491258368
0.8085493399311369
0.0833744873939542
0.6068577064370973
0.8103854370021405
0.5052042275808144
0.8262713387253467
0.5278793681833480
0.5199373167376975
0.9221856723685180
0.9340225458805934
0.9180821700732665
0.4908741550352910
0.3209491211697145
0.6420424024496892
0.1975184875364961
0.6252293328009401
0.9711501610199219
0.6330823063083905
0.7256546142566233
0.3148853921293715
0.9354936461595868
0.7187220097899974
0.4917032524318744
0.7910515046168128
0.7856678480703838
0.8566779927966641
0.6326467582476531
0.7920229250377269
0.0735085981883845
0.8251552756752080
0.3463757783231831
0.0526448895170682
0.5363077201452498
0.2837192208308424
0.5138048821259605
0.7665277071961103
0.6409562994518578
0.3023447833027191
0.7072044037630450
0.3908103200033819
0.7089725978104343
0.2846453424381081
0.3008864979213990
0.8248440338186628
0.6022058905129608
0.2136604109749764
0.9931157861160117
0.5936833178901228
0.7283727178944471
0.2980358708368889
0.1742421166038861
0.5212506200246934
0.5560708876257084
0.9917735729995964
0.6755694529123036
0.8018837134917810
0.4988029794190255
0.5969138149963580
0.5276664362555270
0.1625362965641386
0.1753300462812461
0.7489034592657347
0.4319408266326783
0.2796956285236107
0.1278860613866946
0.7892549208369127
0.2123116736015580
0.4235664961316928
0.2711971597409810
0.4693540273063557
0.1580988679440442
0.7464401527368285
0.2549598093902496
0.0198580757894054
0.2013723947565463
0.0886471998524158
0.6839003987276335
0.7409485519574729
0.0761530280686347
0.4302626016485341
0.1786169354553034
0.1106199242238864
0.6333321913001691
0.3864847742975166
0.0058236907750186
0.4115366785903323
0.5642909187055623
0.2466021677553332
0.4128017350256966
0.5267805765342272
0.5167589996138585
0.0115433655830648
0.4518506288187207
0.8803065459745662
0.3757490671565826
0.2381497521663536
0.9450018975315228
0.1136271361543643
0.4797514644347445
0.6603236457634236
0.1910236228331539
0.4115250961679871
0.7555563739624281
0.4662580949037901
0.0048873868767836
0.1478347417505394
0.0346944222783375
0.4337994469806931
0.9654977071468020
0.6810094082251604
0.4884003119945062
0.9957472460376754
0.2223283731295242
0.2611208660282194
0.9142245995563178
0.5723108849172721
0.8503391920961030
0.7635250459245298
0.8434793868519720
0.8709895780392886
0.8829760477433700
0.9324755060512610
0.8463471799850938
0.6735092664865358
0.1303563567484620
0.5303190003485277
0.0987616136011373
0.1715810775422880
0.2286494733513748
0.8485425878374513
0.0086550434315699
0.0298609302064835
0.8987984985644168
0.6053409047661513
0.1605606631785469
0.0331506285499307
0.0618457047646283
0.0890120485583855
0.6833829898484065
0.1804672184803268
0.5543629980629318
0.5615265042013992
0.7757505208972309
0.9180922599361213
0.6431973720218036
0.8517713518894158
0.5212324228362577
0.0242734016141941
0.4386875991451535
0.3940414646579372
0.5861242209980982
0.9894056594504431
0.9834136428260038
0.9039222142936876
0.4418524108874717
0.2813159434924593
0.3298926057893637
0.7436288492404117
0.7546784371605313
0.8754139063829019
0.3172051296158876
0.0119777790463261
0.0002782465144216
0.6563992690734708
0.1000783578794869
0.0004747804958343
0.4065187555534515
0.0295084357929121
0.5214674068363689
0.7571842810121953
0.1872406943239678
0.8285744506616108
0.6777951670682392
0.8703980208785662
0.3796470621913861
0.1261054590048716
0.9270608871862155
0.6469652637135645
0.9019538700894147
0.2384471306532208
0.2743119597179490
0.3890928092336798
0.1476624594626938
0.0553313907796065
0.5053760713179184
0.6582525988882122
0.1463744464312502
0.3867730820300049
0.0642481645754718
0.0499621021843828
0.5846321549616945
0.2259476920561691
0.8417363667901603
0.1997889702626030
0.3211795743151266
0.9261837518592029
0.6766541068843882
0.0608109194354649
0.3469142426692661
0.9689776429621487
0.0482796898102336
0.7313342796974569
0.9684042942572270
0.5128854990194971
0.5572591558562379
0.1689476862650537
0.4261045613038391
0.4312580288557804
0.4736576588080616
0.1211972416632989
0.8858383909100931
0.6078322718204676
0.9780901906352557
0.7804889892201399
0.7715388906157666
0.0171881642024230
0.4822555914095054
0.7465795068546416
0.0972441811512332
0.4246908991104384
0.0298480832299902
0.4343750328144769
0.1472247079729090
0.5705582230882474
0.9633250757204780
0.9109106026067037
0.1433739717394622
0.7614490232664028
0.7350238792094930
0.4023622396620082
0.3071446888010318
0.1195276223925310
0.8847188568992336
0.2868879501411212
0.6598989324178765
0.2183838601669284
0.9604690558475295
0.0368783263433254
0.7579767043401826
0.4703594075431812
0.5256187806331310
0.8596065154054110
0.9269819177291698
0.5266445098332833
0.3604655859789422
0.0275835284010478
0.4329707857144469
0.7412504484323045
0.2442011091798159
0.0872993606297899
0.5689400499393524
0.9232250745220008
0.0649872297574960
0.7674291978459880
0.1795163901076084
0.7338089178204902
0.4830543766782207
0.1019367345287436
0.7137573069853087
0.1853817899799176
0.6431882725617355
0.2084165604191215
0.7845859813749236
0.7290685341884511
0.6706765846190695
0.7200309840970896
0.3831014617950377
0.2702771475055123
0.9074899274350676
0.7789030656075539
0.1074176485319042
0.2009523088618184
0.6459558681134208
0.0409287659842724
0.9102054896275682
0.5160215038817505
0.7138366430843136
0.9368682105118918
0.5003613856901738
0.8452587866709537
0.6925687947818451
0.2438955238682196
0.2534581443094569
0.3717581281058630
0.0224385779960366
0.1805216788200550
0.9636479047501081
0.1649409335975057
0.8808248597714346
0.1007388489126316
0.8108044162328350
0.4699308186101836
0.1788211279515787
0.6138464943326781
0.8371264803116597
0.4301586167688011
0.0688169294280517
0.7617292953558648
0.5186463620393866
0.3547955204519358
0.5052885476795420
0.5729196104475690
0.8421408544461401
0.0926725468297038
0.8210287760130900
0.9208371419686551
0.8476690068075733
0.5468132221727910
0.6219551099719149
0.5462815665540619
0.3867614652045045
0.6939542812719344
0.3193710574848383
0.4474057214193116
0.2203610689251925
0.1031942756624122
0.4063415337878122
0.2850367115911940
0.2124805440491458
0.8159980757927630
0.7399880207412644
0.9661655894530668
0.2375701402479370
0.3270605962325602
0.5572094610791289
0.7579537918275526
0.1682567801858496
0.1029456442967631
0.8795890008552468
0.6183477681418840
0.1256207608862864
0.1550186184199273
0.1855628383049003
0.3297392618874503
0.8166450312695876
0.8642553923255108
0.7166244351834787
0.0629322318407348
0.9954978483437464
0.2797421806125672
0.3269323555999888
0.8495287883268440
0.6484173842166361
0.9020930886914037
0.7350717012065309
0.2517133918341180
0.7144996953900329
0.1363041689294205
0.1452331262664619
0.7824096501523461
0.5138777082008298
0.9194918625887707
0.5990647710772708
0.0524134272012705
0.4369065390528064
0.3785456668867019
0.0213032398201848
0.9444881010356301
0.4593991778456738
0.2397908316713925
0.2589282538783929
0.2445689325185058
0.4203651755371851
0.3680451150554754
0.3908795683368213
0.9706866601537246
0.9918522316578387
0.8209149969502393
0.3290907888794673
0.2729733877233102
0.4294750612025635
0.6796332072117299
0.4916136801224374
0.6103964629361431
0.4144212945186403
0.0273875143624750
0.6457386274072718
0.2984994728348854
0.0781489640963016
0.7122079076243612
0.0487921418965659
0.5874302953259797
0.1780178675640830
0.5744551746006003
0.2747785126625564
0.3311258760577344
0.7723546189300026
0.5566630858355105
0.4736305661673346
0.3091911723512185
0.6344635610404298
0.2078661557257950
0.4149553328152412
0.5605479150191643
0.0710580286316386
0.7204882686889825
0.1431618625951497
0.9478112360451910
0.1627796145513471
0.8650070541771327
0.4275062123815719
0.1091395235678983
0.0639330089692437
0.6779547162772307
0.4284072638349557
0.8004958351997567
0.2186277189464628
0.3749429388518539
0.0972206543994172
0.0423349127140666
0.3660620223416896
0.4648520905059957
0.5617283482469387
0.6249634058430430
0.1573159875484034
0.0635565650344977
0.5189185539652747
0.1933904240684763
0.0827589840511049
0.3291250898889885
0.7678010254754657
0.3390130134838973
0.1402145820092801
0.1998781181110404
0.3118842667501876
0.3919223953602394
0.2148591236888292
0.0307802735856888
0.5331466791386424
0.0751364381136468
0.9151323379958154
0.5768308091531408
0.9995005276271782
0.7820624597179117
0.7841761210211614
0.0665292166987046
0.1834314589185107
0.9585086800741942
0.2901303246484883
0.5035404216349937
0.4934946548491366
0.7155764334360770
0.9975512916233470
0.0582129529193539
0.1794317041319767
0.2779023438721760
0.6879708758074473
0.6532976854766069
0.2002286035958430
0.1790316045875087
0.2256209620669887
0.4124524064868418
0.7097082973364584
0.3865487137088138
0.5827462491959190
