 4.5858327095696200e-1
-3.3767461337890708e-1
-4.8108862745719200e-1
 3.5451732647633483e-1
 3.7366660297005733e-1
-7.7684039847616360e-1
-5.9562535315786903e-2
-1.8997020054906580e-1
-1.4992590299148029e-1
-5.9717058820436886e-1
 5.3174237162784210e-1
 1.4688669218780930e+0
 3.0565551568102800e-1
-7.0160916577181287e-1
 2.6646420476924948e-1
 1.5906659015001281e+0
 1.2546486626286570e+0
 1.5615477755328250e-1
-5.8360665757789798e-1
-8.8654922816481352e-1
 9.2424422010937735e-1
 4.6363424602521291e-1
 5.3882313464872111e-1
-1.2149430159928390e-1
-2.3740934059231789e+0
 2.5919380185420621e-1
-7.2363987848962055e-4
 8.3276389537161066e-1
-8.1759534293712888e-1
 5.8075941783524029e-2
-1.3246276539163990e+0
-6.9452182962006268e-2
 8.2346817595041158e-2
 1.2225369619977411e+0
 1.8025799939823769e-1
 1.0428098345283310e-1
-7.7696877420689492e-1
-4.1216536178860341e-1
-1.4171427393559810e+0
-1.2764588287809480e+0
 1.9062665341472380e+0
-5.0871099865167946e-1
-8.8307373528595112e-1
 4.8761176507100040e-1
 2.4720379442668201e+0
 5.2858831640061103e-2
-4.7136388224468401e-1
 5.3600503961618051e-1
-1.4560998241249890e+0
-4.2855125475172717e-1
-2.9532025843189808e-1
-4.4626998928591349e-1
-1.5001293598998260e+0
-7.7808160059465170e-1
-2.1826861173631089e+0
 5.0668559826347193e-1
-3.5474982908724001e-1
-7.5865689485311583e-1
 7.2249773396224526e-1
 1.3455655731898900e-1
 2.8168801451058761e-1
 1.1235362990234381e+0
 7.0180789063405502e-1
-4.7064824212154488e-1
-7.2687424710832860e-1
-2.6287196872252361e+0
-4.3407846390813282e-1
 1.4796914181597051e-1
-6.4497389233912639e-1
-4.1786584351939021e-1
-3.7391328539127427e-1
 2.5086561906527858e-3
 3.8447943038292159e-1
 4.4147580461590707e-1
-1.2584982358287511e+0
-1.4261517798173320e+0
 8.4365999964051008e-1
 1.4487206334768949e+0
-1.1472058366384461e+0
-2.7116896119826922e-1
 6.4393251451133242e-3
-1.1779654475478829e+0
-1.2780538518478111e+0
 6.3580632399220027e-1
-1.7919237811340789e+0
-3.9963252093271728e-1
-9.0450420461125092e-1
 1.1411379443200360e+0
-5.5833582927761716e-1
-1.4095910251195880e+0
 4.8610301098363301e-1
 7.3574267647000691e-1
 2.0269935454852490e+0
 2.5654238707070101e+0
-4.2533023826455019e-1
-4.3514836966367793e-1
 1.1882270214813391e+0
 1.8790323163724321e+0
 2.0042895564179339e+0
 1.0905500697170449e+0
-2.8154328288029978e-1
 8.8488196669090843e-2
-8.3344748022834828e-2
-1.3651406299140629e+0
 1.9276181106109019e-1
-1.1890825054998599e+0
-1.9315267210335019e-1
-8.9416746631214106e-1
-1.0129293305351500e-1
-3.2723719738387608e-1
-9.9055510139136349e-1
 7.1045578002398724e-1
-1.3030626097349289e+0
 1.1915043426194070e-1
 1.0854658297881079e+0
-4.0224780150299672e-1
-2.5590971829534461e+0
 2.5613526088227762e-1
-9.5670594678538268e-1
 1.4534214804261030e+0
-1.9917734135901430e-1
-3.4840580630040879e-1
 5.1287756050587474e-1
-4.1602236112623492e-1
 7.6985215227667769e-1
-2.0731785337175439e+0
-2.0869744659049609e+0
 5.7757301731317179e-1
-8.5983403333156261e-1
-1.9661573228762090e+0
 5.7861000892022441e-1
-1.0747562262107400e+0
 2.2060047720129492e+0
-1.3838094457230301e+0
 6.1680398612951237e-1
 1.0368611856247421e+0
 8.9299755336871367e-1
 2.1523202188938231e-1
-1.1776265943386210e+0
 1.4416895514399171e+0
 2.9701568292403498e-2
 3.3822412082638198e-1
-6.6018271319133526e-1
-1.5251042721031920e+0
-4.0454457944465683e-1
 1.4431142925358950e-1
 1.5699349804276010e+0
 1.8473404013683890e+0
 2.6072479180436592e-1
-7.2862824167767626e-1
-1.2802002112101771e-1
 6.4937159253385682e-2
 1.5564407763115951e+0
 1.0085680087811839e+0
-2.8186039522112261e-1
-1.3385037952795811e+0
-7.0116996983462665e-1
-4.9191198101113831e-1
 4.8436066346690149e-1
-7.2746561506398397e-2
 7.7956539149532389e-1
 1.3429371532259951e-1
-1.5052035928934171e+0
 1.7467612316497430e-1
-5.6976476724770542e-1
 1.4874878200483390e+0
-4.1213078317515961e-1
-5.8309685132566214e-1
-3.7392173707463983e-1
 1.4504551480546399e+0
 1.9369462153296939e+0
 7.5719663976624163e-2
-1.8738051176479920e-2
 4.9860532436453393e-2
 9.1615464192757567e-1
 4.4419028150320322e-1
-7.2746113919196909e-1
 4.0710529845137289e-1
 5.6775155658009679e-1
-1.8409808954426290e+0
-5.2934799920436459e-1
 3.5933037900606563e-2
 1.0173603452723150e+0
-2.4955523744211310e+0
-6.5634987267346034e-1
 3.2375729956787480e-1
 7.0684501368148189e-1
 2.1507656926619750e-2
 1.1950431044013070e+0
-7.5864420082495521e-1
 3.8264605888742559e-1
 5.7600159246375238e-1
-1.1470336894408690e+0
-5.0973618875222233e-2
-2.1230797460146511e-1
-1.6887917133143890e+0
-2.0383665939823148e+0
 8.7423730519120058e-1
 4.9851745466815278e-1
-3.0779940617250467e-1
 7.3519599681736592e-1
 7.8623587080664703e-1
 1.2289492370154960e+0
-1.0666707338872830e-1
-1.3090357604157190e+0
-1.5074984358842100e-1
-9.3026753295541031e-1
 1.5184862932309231e+0
 5.1387011354427747e-1
 5.0339146519031508e-1
 3.3221623130593829e+0
 6.5591461620839980e-2
 1.6016852522456670e+0
 2.3605395779805072e+0
 7.1827790063761099e-1
-1.6928044176838981e+0
 1.9888635741295739e+0
-1.5290884280684340e+0
 1.5046605004899061e-1
-3.5300294600890447e-1
 1.0565793185805119e+0
-6.0700403679489612e-1
-1.2828847329106260e-1
-1.2588256944050080e+0
-1.9898183939533549e+0
 4.9142202309061361e-1
 7.0971883310273609e-1
 3.8662023100235371e-1
-3.0609053211630222e-1
 7.7378890682541246e-1
-8.0702366532291891e-1
-1.1576309179040269e+0
-2.6944063612843521e+0
 1.9037761995086680e-1
 1.0283094128688000e+0
-1.9593340729926250e+0
-1.1060602083337270e+0
-9.0888002311707838e-1
 1.0456291501552271e+0
 1.3607234627056260e-2
-3.7168517812142920e-1
-6.5360377629097544e-1
 5.1252744510847693e-2
 2.0069516419258360e+0
 1.4853806643811240e+0
-1.9086886915665060e+0
 1.7798135606826180e+0
 1.8613460735044991e+0
 1.7680211092257889e-1
-1.3805750303128390e+0
-9.3471575796329454e-1
 4.4334791190852157e-1
-1.2399898067089450e-1
-9.6435848102518607e-1
-5.8101132886056905e-1
-2.1275349235878449e-1
-1.0923610811454270e+0
-4.3544600425990682e-1
-1.7480280910082810e+0
-2.7064667553533922e-1
 9.2294650507826104e-1
-3.6639446536150538e-1
-2.2672308090348731e-1
 1.0681713676330321e-1
 1.5811111309040571e+0
-1.0275505471410260e+0
-5.4511697843508601e-2
-2.1697454388262880e+0
 5.7131329088524863e-1
-2.8742696849776500e-1
 1.3044921463452810e-1
-1.0250559293537540e+0
-1.8079927674479370e+0
-1.3504568953256640e-1
 3.9300720476790629e-1
-1.6893623429194691e+0
 1.1028837824614419e+0
 1.2657863880956199e+0
-6.5623732025639836e-1
 1.2480905413465200e+0
 9.3857073594554058e-2
 2.0891418422364429e+0
 1.1158810245627959e+0
-1.4641404677421890e+0
 4.3641435480240970e-1
-1.0652086266151289e-1
-1.2060261986435981e+0
 2.2759009881231601e-1
-9.1683140825006759e-1
-1.8133375058103369e+0
-3.8511084597918371e-1
 1.3196255236981000e+0
 1.7382829112052070e-1
-6.6840214988770208e-1
-1.2927701115018120e+0
-1.3048537655548740e+0
 7.4425409387751595e-1
-9.0310384576163916e-1
 2.1441228158681391e-1
 2.4319449255249889e-1
-1.1087147841023440e-1
 1.1169955289057780e-1
 1.2563334948068769e+0
 7.7505211803542626e-2
-1.1088702169626989e+0
-2.1137750735242591e+0
 1.7738420374008850e+0
-3.2308487994197438e-1
-1.6112683041303171e+0
 1.1092999381850781e+0
 3.8783235811264682e-1
-1.1021238649004199e+0
-1.3515619098821630e+0
 6.4503335377579007e-1
 7.0521004416263200e-1
-1.9434454409145769e+0
-1.2393598396824010e+0
 1.5632292712468541e+0
-1.1593302592757491e+0
 1.8110174041592160e+0
-2.3790141980445331e-1
-1.1915184932583600e+0
-8.1802484482327009e-1
 8.2788301558780175e-1
 7.1242559513208936e-1
-3.4720869972726873e-2
 1.5585036093390270e+0
-6.7424266355834672e-1
-1.4558490675256210e+0
 2.8790941670731769e+0
-3.0850257848780799e-1
-1.1116060703401951e+0
-4.8111757997254068e-1
-2.0295467774650711e-1
-5.8508015969989902e-1
-5.9337731981259156e-1
 1.0217647420068261e+0
-8.7293609634299307e-1
 1.3475636682837999e+0
-6.5337017471460324e-1
 8.0910467958888149e-2
 2.0730451009273549e+0
 1.5658662473273821e+0
 2.0722894382377630e+0
-1.4304337432350389e+0
-9.6499137950094127e-1
 5.7281162074502145e-1
 2.3677555023896999e+0
-2.3518362112056429e-1
 2.4451340598896210e-1
-1.0979185532652860e+0
-1.0259003263110531e+0
-5.9491130930360836e-1
-1.3754853330622190e+0
 1.0942295154814310e+0
 4.0798455024093482e-2
 1.4935662009318429e+0
 5.4603567274054202e-2
-1.0102720527590130e+0
-1.7640121605469461e+0
-3.1828638317352448e-1
-2.0647745955220079e-1
-5.3313057426899413e-1
 1.1118936486046320e+0
-2.2244925012198319e-1
 2.7383701389165171e-1
 1.6477533938159541e+0
 1.9577072865789069e-1
 9.7405223214529890e-1
 1.0007343880491639e+0
 1.0482636796955129e+0
 6.5227200180654776e-1
 1.1618116817867961e+0
 5.8895728020758720e-1
-1.2946298129043230e+0
-1.4343884857090600e-1
-1.8215581337766780e+0
 1.1192912171477361e+0
-1.7400193644518320e+0
-4.4561149590688083e-2
 1.2831604389337921e+0
 1.5532909712875089e+0
 1.0603948178106120e+0
-7.1794886600456331e-1
-1.3558441022647680e-1
-7.6558562551128709e-2
-1.2552479545214990e+0
-6.8215003133318486e-1
 1.1654458599087860e+0
 4.1404826009635548e-1
-3.0477453411791831e+0
 4.8423911989505952e-1
-1.0735254721048839e+0
-1.4357029394956540e+0
-1.0347126121093000e+0
-1.0144319971797291e+0
 3.4641192288257922e-1
 4.2647692811095250e-1
 4.4209928803517651e-1
-1.5406585729330369e-1
 9.9793887745808302e-2
-5.5863671202236687e-1
 1.3877936452408131e+0
-6.0543977088252410e-1
-3.7633592899137752e-1
-7.3789162743404513e-1
-4.3818581268397011e-1
-1.4689992377376950e+0
-8.5794132376023979e-1
 1.7660350978060451e+0
-1.3317727499272899e-1
 1.5455080465320941e+0
 7.9936979902042349e-1
 1.0279189122758119e+0
-2.7838561671073381e-1
-7.5845788160145744e-1
-3.7504437048259393e-1
-5.7820130314378382e-1
 5.0095906399720225e-1
-4.4132935790107630e-1
-5.9063238809359642e-1
-4.9629782320298410e-1
 6.7807689740258872e-2
 4.6465671340563408e-1
 2.1297236321321780e+0
 1.8949268789460489e+0
-1.6506689429734349e+0
 1.1934941555157770e+0
 8.5976752434318515e-1
-6.7489618072805158e-1
 1.7325408781471940e-1
-1.6696318987155210e+0
-1.6754577008686730e-1
 5.2169769708187486e-1
 7.3105348018082572e-1
-9.0478019600763848e-1
-3.0674344916190649e-1
 3.7488415520549628e-1
 2.7816500141392368e+0
-1.0658976465296390e+0
-3.1600549498415509e-1
-1.9089128956098240e+0
-1.3499326424925120e+0
-1.2889646422735419e+0
 2.1887860817872890e-1
-1.9463443691167239e+0
-7.0575000096516172e-1
 5.1299703683706355e-1
-9.9114210334360997e-1
 2.1474302427579648e+0
-1.3207674608651050e+0
-5.4387348430697591e-1
 8.2303297607767989e-1
 7.6856798027178597e-1
 4.3470129705422959e-2
-1.5623347837611001e-1
-2.2927203924703319e+0
-2.1464037148880871e-1
 6.8733929814796632e-2
 7.6292389740981226e-1
 2.2565356374618410e+0
-1.1287450712765250e-1
-1.2313565318127440e+0
-1.7920820597691231e-1
-1.0748520837233999e+0
-8.6018071218653058e-1
 1.5978921132623669e+0
-2.6589586118014752e-1
-8.5277951311608235e-1
 1.0978392148065209e-1
-2.2984385176445130e+0
-1.8258577979675770e+0
 6.4950092832268447e-1
-1.1310883904895190e-1
-2.7660775058170428e-1
-6.5606707937363395e-1
 5.7259098492947769e-1
-1.2947606746240210e+0
 5.7104951503869639e-1
 2.1734232713555751e-1
 9.3742661786582360e-2
 2.8514049463683139e-1
-1.6473473446251861e+0
 1.3452761064806531e+0
 8.3555594416677981e-1
 1.5162092127404939e-1
-2.7205619370634482e-1
-8.3245008894853523e-1
-2.5273369012980113e-1
-2.6611673688337681e-2
 4.7001098471636671e-1
-9.6914903572435696e-1
-2.4661497065415999e-1
-4.5464727809529559e-1
 7.1552364413381497e-1
 9.5876667383086966e-1
-1.8046120971414961e+0
 9.9760065476913240e-1
-1.0210839058141530e+0
-1.4100057480612840e+0
-1.4354637049381500e+0
-2.4403507507549521e-1
-5.2021141389950021e-1
 5.1438645629440671e-1
 1.5151459774712690e+0
 3.1016237729608898e-1
 8.5651890801742070e-1
-7.7368229524854215e-1
 4.2176349720271938e-1
 6.6174061137005502e-1
-1.1328544284970781e+0
-6.3748917372105640e-2
 2.5243757185417670e+0
 3.8657062552745458e-1
-1.0245705042689330e+0
-1.9860077618098670e+0
-3.1819086893599929e-1
 8.6394553290433981e-2
-6.9378849113496333e-1
 2.0879167114609309e-1
 5.7425575464470058e-1
-2.2548761420605960e-2
-2.8075983188362681e+0
-1.9835556870756130e+0
 1.2574754815650191e+0
 1.1691338568858110e+0
-1.6252532362382929e-2
 1.2984954980225969e+0
 1.2532976348113409e+0
-9.9155999958742178e-2
 2.9671545686558960e-2
-4.6983041295746891e-1
-1.5208078184589130e-1
-2.7732830629777278e-1
 3.9701980515340429e-1
 2.6867932458835071e+0
 2.3902564644983909e-1
-7.7624869883432401e-1
-1.3289215341136531e+0
-7.7152018813356860e-1
 1.4732792522810849e+0
 7.4862558578187255e-1
-9.8464847833201563e-1
 5.9272210547610626e-1
-2.9150618873082063e-1
-5.4973251003566692e-1
-3.5979167689725472e-1
-4.0784540253526641e-1
 1.8219914264216110e+0
-2.6455122317036670e+0
 2.3895109809904578e+0
-1.8906932478739671e-2
-2.7915179228766669e+0
-2.8501512000407481e-1
 1.5540433930699791e+0
 5.0794235528793241e-1
-5.4506915135461775e-1
-9.5281049594135458e-1
-1.9842196644903640e+0
-9.8409616210710607e-2
 8.4816434691689391e-1
-1.5189839213311060e+0
-4.4804767345296498e-1
 4.5199459836510347e-1
 1.2845625012627060e-1
 1.1154380250462050e+0
 2.5286742070022528e-1
 8.7108117357876391e-1
-1.3924574673862209e+0
 1.9290862108287259e+0
-6.4308253954852790e-1
-1.9344727994127890e+0
-6.4979426656509978e-2
 5.8345572220170261e-1
 2.6368066020881248e-1
-9.1025453392733802e-1
 3.1478214425076101e-1
-1.0579845680206139e+0
 1.4705443411831871e+0
-1.0309422924437770e+0
-8.1502924067429161e-1
 2.7599997663756648e-1
-7.2381143271769188e-1
-1.6262312551038500e+0
 3.6832017139356948e-1
-4.7754495049043261e-1
-1.2082251347876020e-1
-2.1772790102848219e-1
-1.5177484933874990e+0
-2.3962446554978620e-1
-9.9880407937613125e-1
-4.6410845141352602e-1
-2.5590216202178029e+0
 4.1967931393130631e-1
 2.6415912389792240e+0
 3.1132787341120500e+0
 3.3981177740918161e-1
 1.9758249672637671e-1
 1.5083376821517389e+0
-1.8316409027792380e+0
-6.8824772193194084e-1
 8.0634070102720001e-2
-1.0392627888794530e+0
 3.2279644754090042e+0
 4.6544353631292151e-1
-1.5858046633070930e+0
-3.6913113673403919e-1
-9.9381112901278035e-1
-1.1281591232410420e+0
-4.2599892905921671e-1
-9.6453329257794085e-1
 1.8677343861368049e-2
 2.7378039286741949e-2
 4.2868054546080392e-1
 2.2129458948765350e+0
-1.3358178104479401e-1
 7.2800089080521879e-1
 4.2028218724245808e-1
-2.4603197291691070e-1
 8.3707191149679983e-1
-1.7256628771147300e+0
-1.1359771388203350e+0
 1.1948199854618320e+0
 1.3991721122685590e+0
 8.7069488952086194e-1
-5.9526379501235149e-1
 1.1068462272520840e+0
-4.8875245393605088e-1
-4.5020424943508752e-1
-7.3590091418557679e-1
-1.3303944494680029e+0
 5.8573789424745581e-1
 3.9598303932451218e-1
-1.3442800496412459e+0
-6.9315399062195016e-1
 9.5182039472876878e-1
-6.8585280147857230e-1
-2.0846291468572020e+0
-1.6979564970422840e+0
-1.1322098908065310e+0
-1.5908091095462029e-1
 5.1569315013786421e-1
 1.3297682790622221e+0
 2.2675228044140311e-1
-8.1948864878819516e-1
-5.6564085860198665e-1
 3.1894555696365218e-1
-7.7675995603010783e-1
-4.4085410612989467e-1
-1.9072969081878349e-1
 6.3261888460962104e-2
-4.9616776923183759e-1
-1.2916545722197801e+0
 1.6696642787657609e-1
-6.0603279152729195e-1
-8.4198423956229529e-1
-4.4577797800328722e-1
 2.3955722964218471e+0
 1.4823428995776611e+0
 2.0967464164701849e-1
 1.0616676132830929e+0
-2.9964902562185292e-1
-7.0384234035090865e-1
-1.1452399049064289e-1
-3.8619996244142107e-1
 9.8578195578453154e-1
 7.3913548038994425e-1
-1.4312116156070001e-1
-3.4646945122557821e-1
 9.7339612171633261e-1
 1.0064127949405111e+0
 1.1947314451291560e+0
-3.8638504442270710e-1
 4.0019197334502388e-1
-3.0209776840818597e-1
-2.7163970788188169e-1
 1.0534085499019370e+0
 8.3373199247875063e-1
-4.8059606005175193e-1
 2.2568257458893989e-1
 3.1773212850645333e-1
 3.9916874290204118e-1
 9.2707434276883338e-1
 3.5814646708435638e-1
-7.9324717453803789e-2
 1.0616852586025460e+0
 3.3490131856689109e-1
 1.5461103270733929e+0
 3.7575907081163662e-1
-2.2559060579082640e-1
 5.3081046455055947e-1
-7.7315185550127966e-2
-9.8407313288493015e-1
-2.0313336032047779e-2
 1.3888700594364429e+0
-5.6614616908097948e-1
 4.6426096196395061e-1
 3.2368177400987502e-1
-4.3103302723868658e-1
-2.5823303474301851e-1
-1.3285522624519690e+0
-2.3033751902355420e-1
 2.8633033307264268e+0
-7.8849917736995900e-2
 6.9856570297716114e-1
 1.2375353624321821e+0
-4.8294134389341097e-2
-1.6326200997145729e-1
-1.1869995402903859e+0
-1.1133441645103010e+0
 1.1990807382241619e-1
-4.9493098243948130e-1
 1.2174630194089830e+0
-1.9570642336077850e+0
 3.5997339669191403e-1
-3.3278191688324787e-1
 2.3204182833173470e-1
 6.8556615154613398e-1
 1.0880528338194519e+0
-1.8251985035405029e+0
-4.1152692560308218e-1
 1.2636689528677081e+0
 2.4514657591041261e-1
 1.5788270422183309e-2
 8.0951550967477215e-1
-1.2821663562466659e-1
-5.6230550806271995e-1
-2.5654486885655498e-1
-7.0223634012378973e-3
-3.4535974764526089e-1
-8.5351217408441282e-1
-9.5947515473224732e-1
 1.2731525063495699e-1
-1.0067919475566389e+0
-7.2604776204898158e-1
 8.3437570925023063e-1
-5.9173875348591576e-1
 5.5203443393931233e-2
 8.5846286212740808e-1
 8.5058268285399530e-2
 7.7120072171346021e-1
-1.3297546397560700e-1
-2.1837072875089899e-2
-1.3783218712918459e+0
 9.9418035666503823e-1
 4.2192151677594891e-1
-9.1267608707713754e-1
 6.3050618352973298e-1
 1.0261227180495920e-1
 2.6866627685158873e-1
-1.6373361459972171e+0
 3.1512072503476080e-1
-7.2240732661586071e-1
 1.3219529126188720e-2
-1.0400205531391939e+0
 6.8564480271327510e-1
-1.5383914445935609e+0
 3.0233672688993390e-1
-2.2143287150192059e-1
 8.5382785570615916e-1
 1.7385696109022490e+0
 1.1133686626700099e+0
-1.6339318886293500e-1
 3.5990621359212649e-1
 2.1474122397161879e+0
-1.9822006730333880e-1
 4.1914059080290049e-2
-3.5903558503051258e-1
-2.1863805085917021e-1
-8.3615970750683288e-1
-9.0715752446023512e-1
-1.1065290082049610e+0
 7.5425407256749843e-1
-1.3913429358489460e+0
 3.3819223610518462e-1
-8.2755057802353614e-3
-2.2505431078608609e-2
-9.5037192234670476e-1
-5.7404709752523830e-1
 7.9111422676319584e-2
 8.9649050881644210e-1
 7.3296008898610054e-1
-6.0043513091979361e-1
 2.6923372583441207e-1
-1.2416090656011569e+0
 6.1019701215145428e-1
-3.6034829566830617e-1
 6.4695907881546622e-1
-4.2277309904777999e-1
-1.3712577590812920e+0
-1.0481044746805619e+0
-1.0971546714754610e+0
 4.3720690275580809e-1
-6.6336049434585720e-1
 3.0631878404749890e-1
-9.1404668107398412e-1
-5.8441248246687416e-1
-2.0088774276041110e-1
 4.7672847076267588e-1
-2.3685158178542851e+0
-5.2979644628293465e-1
-1.1168168873311339e+0
 1.9597699616879301e-2
 1.1029213548808130e-1
-1.0325520057793609e+0
 1.7173572923131569e-1
 9.5515305796628069e-1
-5.7183438523926400e-1
 5.7300939765413318e-2
-2.0652105000460580e-1
-1.3121259236654610e+0
-4.6595158251827090e-1
-7.2827186739677219e-1
-8.3414196721616340e-1
-9.8117776622654107e-1
 2.2219914651289530e-1
-5.1394448799448988e-1
 6.3359306483179126e-2
 1.2669514664985040e+0
 2.0111382818810120e-1
 1.3186075605539000e+0
-1.4180659125784221e+0
-1.5941391218427690e+0
 8.2929187378869607e-1
 2.5193750198728387e-1
-8.0627309811484238e-1
-2.1886135996075029e-1
 1.8148035516223731e+0
-3.5605105574201568e-1
 1.2228443382238501e-1
-2.0764447617187370e-1
 1.6230402913669171e+0
 4.9989851738548519e-1
-3.8193407328411322e-1
-1.3776245268723979e+0
-1.2249381630778879e+0
-1.2417303103795021e+0
-8.7216319612230575e-1
 2.2345827029090801e-1
-4.6490993399620067e-1
-9.8524766835421862e-1
-5.7568451748257021e-1
-5.6189162854299257e-1
 2.8495238466902240e-1
-8.6697068070136196e-1
-1.7404459866093001e+0
 3.1977270907768401e-1
-2.9077590506832679e-1
-9.7899684758426442e-1
 1.7008580301314941e-2
-2.6166887463752940e-4
-6.2205368003819961e-1
-1.8100965055171431e-1
 1.0709110003775910e-1
-8.9069971012420168e-1
-4.3818980310627342e-1
 2.1478381991308848e+0
 1.0109899220217431e+0
 5.2282047420598210e-1
-1.7547646728959290e+0
 2.1363426316557130e-1
-7.5656935849914420e-1
 5.6662173791312131e-1
 9.5559526665095984e-1
 3.0034038000635471e-1
-1.1016095285934899e+0
-6.5184394176215565e-1
 1.2740810812428871e+0
 7.0458772094304889e-1
 1.4351844309693811e+0
-4.2678747026580360e-1
 1.3626264286684440e+0
-1.3704945151669861e+0
 1.4403463341765341e-1
-7.5632354716819494e-1
-3.8926362607266518e-1
-8.8213000225515670e-1
-5.1052983658672857e-1
-7.2405291183900966e-1
-6.2926667475516718e-1
-1.3051397236888991e+0
-5.1977228838255139e-2
-1.4726190106225929e+0
 5.1439422036608018e-1
 2.6102711072421758e-1
-8.7536054392315066e-1
-2.1042633203477790e-1
 5.0587792975464452e-2
 1.5563925908687131e+0
-9.4767279654044578e-1
 2.8203577503190308e-1
-2.2071822958144899e-1
-2.2035114751049471e-2
-9.4595768503613231e-1
 1.9377883567073689e-1
-5.1604228976450017e-1
 7.4737313324830668e-1
 1.5059039716766760e+0
 2.8008463860598598e-1
-1.4307541454138450e+0
 5.0615586826528969e-1
-5.2779566083715879e-1
 1.0703153395775491e+0
-1.6899019569766391e-1
 2.2839826583137610e-1
 1.0647521895896550e+0
 2.6141869753732849e-2
-8.8371809895190456e-1
-2.0106458979770978e+0
-5.2289744730995835e-1
-6.7714902785810605e-1
-7.3877785705484522e-1
-2.4517089177631481e+0
-4.4400189662059469e-1
 1.2842992121192960e+0
-1.6128851653168130e+0
-8.8218538128607982e-1
 2.8512156998691592e-2
 4.0829231139362798e-1
-3.8891463041404489e-1
-1.7283668657089130e-1
-2.0419457943952141e-1
-1.6244038285312179e+0
-3.1189279447681548e-2
-3.7253152164118092e-1
 1.5528085762285651e-1
-3.1199715165800868e-1
-1.3878800076303019e-1
-1.5611338291595240e-2
-2.9149514849473972e+0
-1.2538869965586570e+0
 3.3347606134980938e-2
 1.7751514934051571e+0
 3.4375191747547451e-1
 7.0606555791571557e-1
-9.1765334295861678e-1
 7.4777075070786592e-1
 6.6240320154290699e-1
-3.4654772756426011e-1
 1.2300082584990901e-3
 4.6085325399295590e-1
 1.8947373178386190e-1
-7.3767210118094029e-1
-2.4140246047893821e+0
 1.8428117421662369e-2
 2.4087631969992490e-1
 2.3806977514009540e+0
 1.4636177273516640e+0
-8.2083808198563379e-1
 4.9128578425271052e-1
-1.5947814345392670e+0
-1.7874290146526131e-1
 5.0271434978873797e-1
 2.0993495992370079e-1
 1.2908784786971031e-1
-3.1739924243386258e-1
-5.0948237145683695e-1
-1.6109610943494851e-1
-1.2082997663504440e+0
-2.4790405678881990e-2
-7.1789626704069964e-1
-7.9062375603008939e-2
-2.1104807119321861e-1
 1.0223634397068939e+0
 2.6632805199632381e+0
 4.2275588588816232e-1
-1.8389142134388459e-1
 3.2988232277728807e-1
-3.7804594993447949e-1
-2.8772701194681211e-1
-1.0687992421015100e+0
 3.5527377975695273e-2
 1.9242292245370900e+0
-6.0107681832599158e-1
 1.6459420522982809e-1
-5.7341625515946348e-1
 5.4421912548997065e-1
-1.2363358852113711e+0
 1.7307241118883401e+0
 1.5892841196219490e-1
-7.6215315108696946e-2
 5.8916555301520873e-2
-1.5218058017199940e-1
-1.2740649908971220e+0
 6.6161721803928963e-1
-2.2827834532641789e-1
 6.5967002511350376e-2
-3.0902137367061921e-1
 2.1130356578673228e+0
 3.9849441649758349e-1
 4.0727731815835799e-1
 3.7207225659105547e-1
-1.0899616189154371e+0
 4.6668369669840948e-1
-1.0593215182630280e+0
-3.9295991595829449e-1
 1.1300003736770550e+0
-9.5877427339844290e-1
-4.2264389094280153e-2
 1.0182786945206741e+0