0.4537832063186271
0.4969848786561152
0.8149728794783013
0.6650160718806887
0.8857624317574770
0.6273349203725434
0.2866588769652126
0.2267113529247204
0.4670817680381618
0.0059257215612537
0.8400586941442065
0.4587920208611316
0.6804937814738901
0.0304066274021147
0.6759694448056519
0.3481119952525242
0.3105343671884902
0.0476427419694877
0.6370757142314041
0.9835230451343874
0.0268677367818075
0.8948361939196179
0.0038018806595241
0.2480921972720914
0.1743140078322350
0.0335912315566920
0.5918580891605835
0.4492640433327484
0.1731460657989993
0.5761126251794051
0.2558299350249518
0.6541347889391820
0.3490207572986030
0.8193389472244365
0.4542713899393941
0.6892088822269513
0.6910204719395352
0.8197451820065927
0.3658610763638025
0.9510698052130561
0.5953675120257286
0.8943348689185063
0.1985120792760166
0.7547395134420752
0.3321249766414049
0.0219551336110680
0.8613145942077117
0.6741103204004310
0.2699507238234464
0.2263049063099954
0.8411508443332821
0.1223964231929235
0.2213773216969970
0.3358098257690289
0.1849596931102610
0.8931281865565353
0.3461328199049445
0.1141794776619923
0.9738923258029214
0.6774554571332808
0.3235317222785824
0.0738807070708751
0.0404179888790505
0.8725420040529110
0.2171759539074351
0.6877552663320108
0.2212164954067602
0.9874383420645999
0.0211358236234832
0.9585669079732552
0.2168198679515399
0.1044743806697776
0.1730187055014291
0.0592719917082997
0.2206330290030834
0.9018702414271904
0.3661365971478125
0.5112670694476247
0.8195142524985220
0.0829778133640981
0.4316650457950363
0.5465468691273021
0.0903806234428540
0.4113484520678417
0.7700032785901322
0.5078160624705914
0.2294446552388607
0.0878673704423728
0.6150199464581973
0.1517671082670949
0.7304257175393715
0.4124671429332103
0.7867892620338108
0.3684375702991847
0.4435035899886935
0.3139035523030588
0.5870132046214239
0.6708310282228172
0.5065298422990674
0.9766927151352698
0.7112556269627473
0.2341974348195045
0.2773814719871652
0.5358382469040561
0.8054648562132536
0.8777444201930703
0.0068173002963384
0.1820854331981142
0.2392865579934527
0.9429536716900513
0.5468953743092326
0.8101709918700467
0.5673347695776749
0.4052376852946496
0.2189720444308243
0.6729656461708062
0.1566536137675288
0.1364461490826585
0.1820721182490900
0.3062559355281855
0.5926043164316958
0.9215849024886400
0.4370537147221251
0.9906828716395715
0.1893981451407657
0.1810709290377406
0.3011383927355918
0.0036844109784895
0.7036261955564968
0.7634838509142914
0.6615011591434872
0.4845954914465551
0.9774443320518227
0.0781324985280239
0.9523780539104298
0.9499436787361321
0.8864718701640689
0.2577366024677777
0.1419853790229627
0.7295212025843754
0.6918693417815750
0.2176769591268388
0.9016591166425250
0.8123691322463871
0.4784936868950361
0.5236418542827595
0.6228959822434035
0.9699696750412719
0.1677495790797645
0.4729855113931585
0.5088166787556397
0.1607422139178526
0.2731787429516529
0.5900872207227940
0.7489326063969397
0.3104515068773565
0.6413540762006628
0.0664379165171543
0.3298139886309193
0.7958005132908077
0.7475092623045043
0.0556612194863370
0.0286320130660222
0.6786928562974223
0.5410157868696656
0.1112211449770466
0.5191693830640646
0.8455927759247786
0.4740797570251749
0.0503732519323122
0.8499240052952369
0.1483444394879020
0.7844847047108631
0.1578627292316921
0.9959982805178311
0.6254463263641432
0.1625135169595152
0.9525913634370816
0.7067441372419278
0.7370014729905665
0.4539079321391645
0.6599901773555278
0.9025275873500187
0.2059600541559709
0.1412297289988244
0.7624592513131018
0.1716676854853802
0.7028751591960284
0.7906741846170281
0.3931613399458619
0.5181145424313632
0.8020429231652982
0.9654250597331707
0.3419241302737416
0.6337406795949385
0.8492544730423016
0.7161963091106651
0.5619083934303766
0.4783392638307398
0.9458754912683191
0.1811495085158569
0.4989688368668067
0.9521614229000183
0.0094664046082575
0.0144013443904901
0.3344669660907856
0.3464795914411132
0.7844853616083506
0.3603917690461343
0.8462598064103747
0.1717029420196513
0.9339908774694003
0.1312927484187617
0.4004887920518761
0.4121813779716018
0.5303301609443066
0.8888372961082261
0.5639368042237967
0.0570507366752131
0.1931723933842626
0.5782848816911840
0.5935292226005351
0.2437135869268405
0.6272410364447919
0.0801103316038762
0.7544312583230553
0.1852413538914258
0.2675135320465764
0.9431392708588694
0.8748891001847026
0.1971818867458155
0.3146930731628698
0.9912715875930439
0.9905939838845422
0.2850772271484017
0.5880694960554087
0.9704514338842516
0.7050050873684675
0.6889085365771186
0.0037455397758591
0.0690892402630688
0.6238575790482186
0.9286585590073037
0.6346920116640765
0.2438456909356374
0.5524621723150942
0.4094886959398392
0.1940088830375043
0.0021769525950562
0.2933032217242887
0.5593007509977984
0.2045601725021948
0.7220022504821430
0.7856050070509332
0.2239574894953931
0.4899772002218511
0.2944068687759957
0.9226549264567750
0.5789616062513398
0.1021088301603879
0.4896081869029854
0.1186622183838303
0.6372370904739967
0.8535904285819227
0.5716513926986877
0.5804001856959355
0.7299258606176799
0.5983883261330084
0.2947829546266787
0.3807407765685117
0.2519512826550374
0.1953643993754232
0.5136374758334161
0.5650953040682547
0.1601749765163160
0.3813719162595277
0.0652687100412994
0.7010455071907542
0.6189299300282312
0.0576946213541776
0.6207017610091608
0.1634116176711519
0.1472022394572286
0.4083608381944030
0.0701699719284861
0.8238826123423657
0.8529975673870300
0.2339811247395002
0.3115952048584048
0.7325521870682045
0.2816826624733616
0.1053045842579024
0.2971650742556591
0.1167605585091670
0.6726234276813158
0.0497499341868055
0.1614417924638842
0.9701016480939267
0.8235622009299353
0.3586868044356482
0.7532200768305402
0.1813052115653583
0.6451178687527788
0.1206433459063546
0.5202866071185677
0.8081499561718918
0.5833432143258110
0.9706264381430345
0.8192065313921968
0.2240629899732884
0.7787767103350675
0.0251831528848509
0.3651357915643535
0.8672817336128041
0.7859489064622895
0.1262566217171135
0.7835916720262664
0.1065351897150135
0.8698710795420651
0.1444195104125996
0.8149448790535933
0.6568940012144384
0.3488772547501926
0.1074625248245757
0.7302593788711681
0.8412355282649829
0.0576965489732334
0.7064158875229663
0.6190445275054988
0.9841152893384512
0.7754044913590092
0.9729118039952796
0.5562627173397958
0.7892571769079081
0.6320141838984557
0.0183821334166920
0.6083509736394884
0.8768254774563250
0.4975966553596113
0.3460860760515395
0.3362455488423404
0.4975663623463791
0.7733099362483410
0.8730357099160488
0.6768715881572977
0.2672699221271586
0.6949208955280569
0.5614854954012409
0.3506954613597436
0.2671762488631033
0.0646252475107029
0.3679002407173356
0.9088402619787385
0.2293067407603474
0.3850786535894849
0.6192167387111769
0.6927147648651313
0.3308541084510371
0.9295043223588823
0.7748673434250152
0.8781641540208962
0.0885491852273559
0.2427885450992571
0.1971380889355906
0.6046577516297534
0.7953438631817879
0.1968468503744949
0.9188172562379891
0.5965382866594141
0.2041804051551375
0.1847941917429461
0.6321831982544749
0.4261455026216029
0.5716038115011926
0.2383472024122871
0.3499177285824868
0.1404442761639576
0.5615879670573048
0.2690654769493454
0.8654307708320685
0.1335029910355669
0.2590845958633777
0.8147702427563083
0.9949198057604319
0.3669046266848773
0.6662341866414896
0.6475861299029207
0.6673283885549653
0.0839308757554512
0.7191612464816501
0.0665822426799300
0.0417494723624340
0.7303653893142072
0.6626368040365619
0.9575467862700499
0.4776866110151846
0.6964248283576915
0.2001346393602207
0.7839102473665866
0.9553800252220714
0.4709038261721929
0.8577984348521520
0.3483058125850013
0.5400403811750650
0.9536829524126602
0.0471715152201733
0.7150794874384948
0.5874202140453254
0.1795807024329537
0.9153663131094623
0.6245498802879729
0.4685867707804337
0.9852911338749082
0.4276596210700969
0.5187713084139115
0.0612367302449057
0.8182405443149074
0.5690992612604173
0.6787235649567123
0.3640568412419224
0.3159684686624679
0.2560795256649358
0.1737518533795962
0.3258824416905204
0.0921867569163861
0.1587332544866040
0.5863236331730588
0.6142999457657167
0.4272329419506379
0.7325855416143600
0.4890838622797354
0.8246997051252047
0.2131832084098876
0.6010899659910799
0.0420500348672420
0.0771386582678952
0.1183464134602304
0.3625431361612901
0.9912666816842107
0.9807447232621172
0.9082754042653219
0.8052400705924450
0.8948516863510828
0.3753265583454999
0.8915277315841432
0.3169108117813583
0.0529789993157305
0.2436203142713500
0.1780229359600041
0.6396237288201251
0.1083311593220373
0.2614325570940740
0.9005787359130804
0.9532884018130249
0.5269461624334173
0.6087294335047778
0.5213228661606245
0.0250353779000747
0.4271237076011915
0.8099618986341221
0.5999527960260640
0.7929010483360513
0.3834798696690386
0.9646130395237469
0.4266497050461911
0.9663191335919962
0.2378586027572495
0.4174822374131127
0.6443060313667000
0.6178242898622351
0.1499399588821063
0.1026740844855339
0.7507951730401585
0.8207594233384057
0.9863753219512724
0.5500130901488964
0.9835834519611093
0.5830815603044984
0.1335585393865168
0.2073899234688790
0.7387185672967105
0.5289285929438065
0.1269205985957943
0.6477050014629825
0.2528075701251118
0.0583705072760113
0.1871173387217522
0.7500873159611504
0.7626049392912142
0.1504603831769562
0.7362484635368490
0.6412851525775021
0.9533379799595929
0.7455373513375475
0.1707506415984358
0.0915053890931912
0.0862811634014811
0.7242754250291312
0.9183979549256407
0.1111850414641140
0.2580722212007903
0.5859354539373996
0.2349612028124754
0.5841448142637937
0.3721899266417382
0.2863127129181024
0.9628933997864538
0.0223213032996552
0.2306316190025626
0.2165775195067552
0.1625734026350103
0.9280425731627862
0.8193194568883600
0.4844536506106585
0.8439859347132062
0.1166938165311732
0.1074012549991508
0.9281309550218551
0.7095949291903999
0.9716356698697006
0.0171872102544382
0.7806307038710608
0.0344661480841223
0.6767740675944424
0.3078050147057903
0.5706492326570528
0.3298849830469306
0.3783922323596938
0.9451911431072503
0.8248529364972709
0.4669883715433879
0.3346412441258022
0.8433311844111560
0.4616262671363903
0.8427215198366857
0.4047794375234654
0.8420245560620646
0.3891024651049750
0.5073729593668030
0.4027240960574617
0.0172859471538333
0.1985740239221142
0.5851256984414105
0.9932404196360102
0.9130006543702865
0.2107758551115781
0.9554010106708233
0.8197559326856803
0.3859376526563813
0.2189843281047426
0.7059971394219875
0.2459486556651341
0.2506974237185483
0.7469044192997040
0.5996375856169337
0.4096181536875548
0.6087529792560072
0.6538145363184102
0.9289939908752548
0.5537601232678225
0.7846024951263913
0.7759809373112741
0.5631486415664655
0.0650989980832415
0.6389359717790278
0.5094465583102113
0.6520971523931124
0.2730142917388904
0.4162498008908763
0.4373428075776230
0.1060034219670687
0.7106152634319749
0.8050164708550275
0.8572670885089122
0.1609591624677993
0.3011881662027307
0.3069091182104914
0.3104841838740267
0.4879587522300576
0.3469787991883078
0.7148332346258312
0.4445739789825096
0.0713963566709526
0.2486067020642089
0.3673099548153415
0.4924634121086035
0.1921121888493841
0.0626385823276425
0.8143089672646494
0.1642064117551013
0.7065894559775711
0.2588067742289588
0.6896917641456522
0.5307705558940699
0.5149955656418763
0.0415497254662787
0.5750391039367302
0.1818902281934372
0.0422310180780510
0.6715190642098201
0.6039250598393890
0.5068181638630744
0.0955922905377226
0.6976728239680829
0.6468562438557837
0.5710415808072951
0.2607661133885991
0.2434857846594726
0.3258746568998415
0.3598775270492248
0.0164352239724649
0.7178149454956409
0.5516951701331870
0.9918822186165018
0.1634824571812357
0.0984958494747151
0.9016264514163325
0.7746203146660655
0.4459787642077183
0.4600597492687858
0.4902999378710219
0.7047198641268018
0.2804426792996201
0.9248511174569084
0.7245479430220041
0.0617717831685274
0.1771587318639784
0.3506310337729649
0.8257011923255427
0.5688137974420378
0.4784635111901960
0.3620932483166035
0.4458517359973766
0.1089237982607794
0.5966146027842750
0.6523667689776842
0.0040215214328146
0.3386387887570931
0.8533105081921902
0.7851538693781067
0.5029660690351836
0.4910292761409309
0.4403651018893286
0.0528472014797562
0.5173334635924222
0.0826102533340612
0.9120826302072025
0.7368800682455686
0.7287642923832016
0.2831905395197483
0.6048414905949156
0.9063923049058990
0.8713963146559610
0.9649160049411901
0.9895765030648871
0.5879445346080733
0.8986771879869565
0.4858241368294830
0.6088261212583553
0.5963007815250935
0.9314093330792604
0.5480487344455323
0.1148755275349550
0.7431552432101174
0.5964041179144235
0.1639877755129347
0.0742435256925104
0.7959592936052088
0.8118408183504079
0.9490058916270520
0.9631678685015897
0.8752159552285466
0.0564592640380510
0.7272122629454160
0.1633255460913693
0.2149702641307880
0.3251825488942364
0.2786790376484867
0.5490826654427249
0.0691392411738369
0.5397874227471559
0.1152670208513377
0.3235934055121542
0.4674746717578066
0.9544241874006550
0.8891355227035040
0.0473698415282549
0.2264213374385381
0.5898418021428683
0.9967852809547348
0.4870767074823130
0.7300060847385154
0.8944075826868430
0.2887428964034981
0.7308988720290428
0.8591211549985751
0.1002979852090062
0.1899108436631810
0.1375282282511902
0.1341731321663910
0.1340319142726277
0.8388950106814991
0.1123951584428589
0.5149025213083804
0.7259958592974826
0.0048138636179778
0.7734181141557906
0.5747181622599218
0.0003143047690795
0.0781631746025537
0.6165771528354525
0.1074336032115123
0.9003062935248233
0.4270797056639985
0.9209247904033718
0.7160999255680088
0.2429638802162981
0.4778148658380967
0.7391143294503324
0.3932270165096522
0.4066392790440043
0.0766908456881513
0.2479300080838593
0.4957126850724431
0.1578845069837896
0.3008677709891819
0.5277093935952138
0.6243300348435458
0.4454624727512127
0.4613631928789784
0.2874961296845838
0.3461920869806665
0.8308117329599966
0.1115027238626451
0.4221955473273401
0.1695099344202753
0.0984659024173594
0.8004346113453898
0.3109429534795479
0.3955935813390072
0.3016288787007466
0.1409580742627335
0.3621689716230931
0.0381239836340870
0.6803620472526444
0.4076293980180280
0.2256797319558159
0.9121543561208416
0.5400166185204816
0.5366626660935496
0.1732166562317477
0.7208196518452031
0.6913289940231923
0.7624028744093207
0.3120062237529672
0.7466325831616023
0.3760789241029615
0.3070031942538938
0.7006950633738883
0.4096950238701810
0.9132501130520811
0.5761567682645321
0.4004698781355304
0.2509976625312620
0.2411970244841768
0.3565264999048640
0.1604202072234635
0.7341989562485068
0.5678029785908255
0.4072333589489414
0.1359072794988407
0.9732214375975005
0.3050882013877482
0.0617204644668974
0.5317208330697717
0.0469902521449561
0.2556386485841851
0.2166742646153337
0.4786625348426922
0.1607045962094942
0.1586813363508713
0.1460469697367031
0.7095330933489692
0.8843276195257734
0.9036345781023959
0.5728332590121709
0.0612165955477885
0.0009634514812894
0.3089190000062792
0.4627926425718768
0.0920086060523039
0.7208591898419633
0.7849166180496169
0.5530958126813106
0.6451365065910754
0.7965320082791168
0.5487332511651297
0.4441587624879878
0.1825994427040386
0.0906774329188933
0.2708970438869094
0.2286260199778793
0.0176362971683057
0.6524579767869512
0.6800140279957912
0.9395994366113621
0.6124559426480583
0.4532763966241437
0.7171529303023030
0.3222803621167335
0.4208747586031291
0.7326420478821920
0.3620233228593886
0.4904460910275431
0.2924392944178840
0.3821048804738629
0.1831940141672432
0.4211168995987751
0.2609331319550283
0.0247394028123240
0.9639828993620313
0.6767449570662663
0.1157310584448515
0.9400193578511047
0.8796080929069101
0.8422970430978034
0.0625428425465644
0.1667619082907379
0.8922211439846013
0.2423293464184195
0.8326367760519024
0.4262817087672338
0.2997363544031682
0.6457278480456235
0.0811706274179419
0.3236132073278041
0.2306002395534427
0.6268616113424190
0.3434989450275060
0.2462024001340254
0.2684436497013530
0.5582138811026423
0.1824441127430538
0.3366967909207024
0.8896550615996640
0.6689018392277286
0.4094184310962934
0.2281949281344879
0.5499517777223663
0.9983217927063063
0.1594685998954138
0.5841292567533106
0.7297012125780959
0.5051110557937425
0.7440256688378367
0.2885446010108382
0.3108716974358077
0.5289909799578730
0.7809872827939500
0.3655717396982555
0.3751165627329795
0.7164265114145661
0.9489433478392727
0.5530084534224145
0.9229216648450994
0.2017151930961289
0.0472449299204873
0.5465319253577536
0.3977161264426907
0.4413379832441969
0.5195562203689004
0.3751632269742038
0.5856836191798077
0.6843557953263361
0.3973970214304753
0.4343677083824748
0.3638035001275760
0.9286281854449009
0.5110340077845208
0.2226867152288539
0.5257010536803697
0.9192843772104963
0.3469184922691487
0.8445160396039812
0.4277478395464337
0.7960642818775795
0.3232544264366999
0.4161346689546266
0.4525763684295944
0.1531556291824139
0.6759376830687866
0.9887763045427111
0.8053582954218768
0.6932616275350660
0.3597344333736058
0.2069633904208010
0.5263927827759918
0.3432440905970645
0.2852092363773334
0.7446012172010025
0.2485495193052267
0.7558217419544955
0.5588381215869095
0.5720064943780638
0.5375742883265319
0.1363825469096497
0.5539924863026680
0.1715315842176800
0.2871813298324316
0.9658554637415977
0.6560477524780573
0.3541077183936018
0.9769010315324359
0.6281372132596229
0.8498327921718288
0.8569908685108192
0.3729953195900438
0.3130385951469100
0.7676896007315456
0.8099867743298667
0.2794459601478370
0.4191339939669185
0.0455982402536640
0.1260312799959797
0.8289479579115688
0.1168456768114853
0.9731729660971728
0.1711704729175287
0.3093124616466406
0.0121302036732387
0.7646909441695913
0.6266648252566813
0.7395308751429439
0.4810636822757278
0.8502407972980048
0.6258737188614132
0.2256299867055181
0.9815957369489371
0.6405082816421846
0.7764129945428761
0.7179320325421976
0.1800275897408886
0.2419905751482181
0.3581071970866585
0.0838350825076273
0.2198458780185354
0.2183416514330465
0.9732823684975554
0.3326493932401333
0.6950396088179756
0.6797258225431570
0.1510024816061021
0.7601943583676418
0.3931827602543661
0.0738634565475861
0.5424010874040240
0.2698067062283633
0.7516840823685759
0.2642041210269707
0.9135270933861898
0.2962827243513050
0.5210928614400646
0.8294140481126449
0.8334505344914439
0.7786373805282741
0.5035248323887527
0.7976243200888631
0.1838881609788867
0.3351748659177932
0.0243373158209180
0.2054689659792184
0.5974690726056120
0.1349906572363805
0.5451113866944101
0.7304349972378462
0.2152612724395620
0.4944498436075885
0.0250608333566332
0.8853377142505668
0.0541442609854340
0.0079078155234396
0.4766562338286254
0.5526529298960548
0.2236255970883268
0.3440846000843852
0.3102787959862533
0.4573286364220627
0.8036652365517775
0.6289934439076926
0.5390747436025119
0.8586178441323415
0.6803557435204632
0.9090503726332872
0.4881254806898311
0.3650329976187404
0.3177855059371470
0.7002058867338425
0.0181691207782308
0.8617300605513247
0.9841009459694239