 8.2636198473712730e-1
-5.6652136064065117e-1
-1.2286750318487570e-1
 9.2162647777010287e-1
 6.6880067421016243e-1
-2.5303594307267530e-1
-4.7566058804593059e-1
 1.6301173619289251e+0
 1.2550147450201590e+0
-2.0642777566159798e+0
-2.2998058872042511e+0
 9.9615263592961645e-1
-2.9006853596413812e-1
-1.1973984741990971e+0
 2.1593895055138351e-1
-1.0137282371991241e+0
-1.3355485630040580e+0
-1.6807028419671450e+0
 3.5173865252087022e-1
-1.7318782898180210e-1
 8.7084873046799471e-1
-5.5761159746979261e-1
-1.2696713685949470e+0
-9.4162710255810855e-1
-1.1686873622257830e-1
 1.5451077909364710e+0
 4.4902074563288008e-1
 7.0173725732742709e-1
 1.5649055688059010e-1
-1.4936617483223200e+0
 6.2879990609004477e-1
-7.8227816567450903e-1
 8.9059956109759464e-1
-6.2980670887481160e-1
-1.4330731199417379e-1
-7.7623126575364720e-1
 9.3370136141456206e-1
 1.0595107834435080e+0
-1.5715933310096140e+0
-2.4318301668661191e-1
-2.1465379870461709e-1
 1.2292626605569430e+0
 1.6266143995620770e+0
-9.7121181948240010e-1
 1.2417171687497051e+0
 9.4371075490546952e-1
 1.8597015311711981e-1
-7.4956569016598099e-2
-9.9155539639642498e-1
-1.1775931101068970e+0
-5.6653130185844458e-1
 1.6957256452317410e-1
 1.3195518621256790e+0
-1.3155051559283539e+0
-5.9407279339886976e-1
 2.8757506533716010e-1
 1.3425664599104700e-1
 2.1275157283680951e-1
-6.3280103465894544e-1
-2.3677870318027919e-1
 7.4464371302037879e-1
 2.7415074926959910e+0
-1.0372662101508641e+0
 1.0578284585481981e+0
 7.0141435193141746e-3
-7.2012972212611459e-1
-8.9167057494626067e-1
-5.2998576050600232e-1
 9.9405055731307285e-2
 1.4406545195704741e+0
 2.1472161948948451e-1
-3.3418548227804162e-1
 1.7029430478149561e+0
 9.5408504573935038e-1
 1.3310003657034859e+0
 1.5010731645271400e-1
 5.5560731139643960e-1
 1.5402142031036481e+0
-8.2600979636576866e-1
-1.8836656903012139e+0
 3.2532590064992167e-1
 2.6837634354698769e-1
-2.8101585726338502e-1
 1.4595432126347150e+0
 1.7080182712505321e-1
-1.6120881103961171e-1
 2.1625751552535668e+0
-9.1259508407204859e-1
-1.2006624881492240e+0
-1.3455015004445821e+0
 4.5045056418922330e-1
 1.4642934470541720e+0
 1.1007325949407670e-1
-5.0325799901078594e-1
-1.7668412678108669e+0
-9.2558508004283535e-1
-1.6085801877577770e+0
-4.3353961314790190e-1
 1.3135022486867790e-1
 8.1167224808980538e-3
 1.5340853796528811e-1
 9.2273177145601459e-1
-2.5514332952025481e-1
-3.9130049481094931e-1
-1.8760275319700970e+0
-1.9429000836045679e-1
 8.8629919192038198e-1
-8.9423122825254475e-1
 4.9582679313566291e-1
 1.3052251342537879e+0
-4.6714360250238568e-1
-6.4530464582067049e-1
 3.5963646359515927e-1
 6.0571847837908932e-1
-7.6178829088912425e-1
 1.1369883850877900e+0
 1.5040979880814951e+0
-1.0758934377691849e+0
-1.1396408986710070e-1
-9.3396558117758222e-1
-9.0228541139826846e-1
-1.2839862333930141e+0
-5.3331694453125300e-1
 4.9806354967343330e-1
-1.2884624727755529e+0
-7.1528673503320622e-2
-5.7737231985424387e-1
 7.2752404400833515e-1
 1.6116058973032280e-1
-1.3823144455047791e+0
-1.6868209568712750e-1
-2.0461660939181681e-1
 3.7179818177452378e-1
-8.6309702486803275e-1
-2.7070605110124379e-1
 1.1623644049944579e+0
 3.8570376508192439e-1
 8.3284978469029158e-1
 9.4436229180696596e-1
-3.4434892626348063e-1
-4.4830122870046157e-1
-2.9744271762550550e-1
-1.2336120984045460e+0
 7.1253625606864945e-1
 3.6143034615759928e-1
-2.9233604386196282e-1
 9.0905823220569601e-2
 4.9307712481768118e-1
-1.7660871263758890e+0
-3.7428380255652938e-1
-4.6867282981804359e-1
-5.9370814974161329e-2
 4.8533667893700211e-1
-1.3652204227904190e+0
 6.4864475529852839e-1
 3.7454361573933288e-2
 2.1424359469611621e-2
 9.3569587639481644e-2
 4.7095639049022719e-1
-2.3978715602716510e-1
-1.8781360702988950e-1
-2.2784616280585528e+0
-1.9091504068426329e-1
-1.1648410151915610e-1
-1.2814218875131060e+0
-2.9670431896410587e-1
-1.2512706450894209e-1
-1.1156143848543609e+0
-1.3598012421572061e+0
-6.9293729322528441e-1
-3.3822758965970312e-1
 6.4312648427565555e-1
-8.2023702915696850e-1
 2.3308097337175099e-1
-1.2309614716496540e+0
-1.1211238751993580e-2
-1.5074802714488069e+0
 4.1196899216585647e-1
-2.9267665990908842e-1
-8.1498102981577158e-1
 1.8603387492103030e-1
 4.5480361528296809e-1
-7.4683300406516906e-1
-1.3930527098275550e-1
 6.5373326785641617e-2
 1.5642498251119821e+0
-5.3468627775985517e-2
-1.0383516211878940e+0
-6.5966431739523462e-2
-1.3315133408121160e+0
-6.2700752781056712e-1
 3.2878673710459339e-1
 1.5392545803878159e+0
 2.5263240900882661e-1
 1.2358863759754340e-1
-9.9568582202827705e-1
-3.5918253976349301e-1
 3.9978511854953658e-1
-5.6370459902914138e-1
 1.0217570148941839e+0
 9.3614768115264535e-1
 4.5524466379966161e-1
-4.8757649748622311e-1
-8.1121607788030614e-1
 1.1770049461636649e+0
-1.3440986927405350e+0
-1.4742998215140449e-1
 7.8180303098326476e-1
-1.4834216867261699e-1
-1.3296202596691009e-1
 7.8152899525865749e-1
 9.5632480627543248e-1
-4.7788624404254332e-1
 8.4123462884765288e-1
 1.5985467717775259e+0
 1.8654494436818310e+0
-1.7160180176642681e-1
-5.4332116176875545e-1
-1.0966325571375000e+0
-2.1005186626099140e-1
 7.9676940561349840e-1
 8.6884228153457410e-1
-2.3411894922056562e+0
-5.8016485527278894e-1
 1.5745796043793621e+0
-1.1932251711958430e+0
-1.9781299224080451e-1
 1.9166425171530890e+0
 6.8346612978349497e-1
-3.5672493256213311e-1
-7.5604679514867368e-1
 5.7571532461022457e-1
-3.4138913107378371e-1
 1.0485570808837030e+0
 4.9319237205190580e-1
 1.4375500923498670e+0
 6.1236870152995504e-1
-1.5318894088838590e+0
-2.2179518144025051e-1
-9.6841790328868005e-1
-7.5788834497986035e-1
-7.2519888382674624e-1
-1.4422561197381209e-1
 7.2366833542708253e-1
 5.3531928792212813e-1
 2.7011159914569070e+0
-1.3944843777661780e+0
 1.3495907557983149e+0
-7.7255607574575436e-1
-5.4196418648954703e-1
-9.6470608777876143e-1
 5.1796526614717808e-1
 6.2436198201538229e-1
-4.6241618136771279e-1
-6.0569426300433860e-1
 1.3488185606945160e+0
-8.8947455922561391e-1
-1.4793703494037300e-1
-4.0423212119187252e-1
 1.2280944268846259e+0
 1.0882555495120340e-1
 8.5201224649044838e-1
 1.0659892655503140e+0
 7.8110275580681299e-1
 6.6168714640719062e-1
 3.3815771904019248e-1
-3.8793023776139329e-1
 9.8695223250111086e-1
 3.0520590718258223e-1
 8.7033370598295123e-1
 5.7561440254750063e-1
-1.8792086289299151e-1
 2.9753350894902669e-1
-5.3121565958727046e-1
 9.1570875508588867e-1
 3.8096468183831439e-1
-1.3997177297006671e+0
-1.2264315962006719e-1
 1.4160999977503581e+0
-2.7755772447052589e+0
 4.2265893723309977e-1
-1.2306067284811839e+0
-5.5703977834327900e-1
-6.6838556427039841e-1
 5.5595028771773458e-1
-6.3403079495818693e-2
-1.9172080152519280e+0
-9.7851536019219620e-1
 9.8618939440638864e-1
 7.5633484127316009e-1
-5.6317039522398615e-1
-1.4858582920212819e+0
 4.1600387569062591e-1
-4.4966983428899049e-1
-2.6985813038424611e-1
 1.8390762164091159e+0
 8.8685329507458965e-1
-1.5035444955190269e-1
-7.0533517564261983e-1
-1.2189399073841460e+0
-9.1786184602829857e-1
-8.8230145006816918e-1
-2.8358647766966888e-1
-7.0298263044586229e-1
-5.5712113872528823e-1
-2.6107399219145488e-1
-2.6884448780087411e-1
-1.6270433336622210e+0
 3.8725787713929410e-1
 8.1623273184657508e-1
 7.3861453894430762e-1
 6.9804329846042701e-1
-9.3929512064703513e-1
-8.6201168218549584e-1
-3.5426585082622591e-1
-5.8593826665883220e-1
 1.6628175585347691e+0
-1.8275406849115511e-1
-9.6056052969339967e-1
-2.7453547165596509e-1
 2.3333057837056670e-1
-1.9459424138208430e+0
-1.0734072494199209e+0
-2.4042283886687271e-1
 4.8926800253240599e-1
-2.2223958735712479e-1
 4.5475829725909761e-1
-2.9853056907052228e-1
-5.9881273124663836e-1
-2.4289682902224000e-1
 5.1045061298183292e-1
-1.7342652405840691e+0
 1.3869602950170179e+0
-1.0608202272255420e+0
-1.3362218360880249e+0
-9.8681065587501660e-1
 6.3518047692579005e-1
-3.5334401221663447e-1
-1.1272642470960750e+0
 4.3991108511490368e-1
-2.1592386676187370e+0
-9.1715454249217265e-1
-2.7965627266677379e-1
 6.9275047766491160e-1
-9.4072655966038898e-1
 7.4132433025525468e-1
-3.9067717700245358e-1
-1.2839294390132781e+0
-4.1112841943125072e-1
-5.2479226902609433e-1
 1.6226770788710880e+0
-1.7765087574553360e+0
-1.3653326870755400e+0
-6.9538271279063513e-1
-1.6399960358691741e+0
-1.0549258766939511e+0
-3.5414593303402570e-1
 5.2919202432652512e-1
 1.2404116340199141e+0
 1.2853399668007370e-1
-7.8066487721427075e-2
-7.8307583258769597e-1
-1.6928851656123070e+0
 3.1024858961951218e-1
-8.8388164710221540e-1
 5.6884664776073746e-1
 4.4188054892470119e-1
 2.2537808757600302e+0
 4.0537087256215881e-1
-4.4853751580624079e-1
-2.5414535936507182e-1
 1.1254577125846540e-1
-7.2342649139210968e-1
-1.3009633554007869e+0
-5.5603950908650113e-1
 4.8225952715854958e-1
-1.1465872033853211e+0
-9.1287968476205383e-1
 6.8117249490187970e-1
-1.6596408806820890e+0
-4.1275388859063850e-1
 3.6464355606069759e-1
-9.1351751689283789e-1
-4.6047617698842808e-1
 2.7557888776712669e-2
-2.0737400804945678e+0
 6.6820941200935979e-1
-7.1820158586769278e-1
-1.2498677498716559e+0
-1.3256237955452421e-1
 2.3746829652122201e-2
-6.3125286668977920e-1
-7.3290174534764174e-1
 2.8850151289855369e-1
 6.7456526326049238e-1
 5.8048643192652449e-1
-6.8583477337920462e-1
 1.5341348412281219e+0
-6.6026345272080156e-1
 1.4062213848731440e+0
 5.5666339260588157e-2
 1.0879608671673571e+0
 1.0227143075242040e+0
 9.4339771342106504e-1
-1.2563816676508250e+0
-4.7398632669795321e-1
-1.7811179062014380e+0
 1.7079820796807070e+0
 1.9307809306415971e+0
 2.0597053185684859e+0
-2.7589152169480990e+0
-1.6032430177050770e-2
 1.4455182081948670e-1
-1.8021023350750369e+0
-1.3199307507041100e+0
 3.1264067443703741e-1
-3.0883540551994310e-1
 1.4090578904750630e+0
-1.1453431227938839e+0
-1.3229396769344889e-1
 4.8018971494698331e-1
 9.9050770294560109e-1
 2.7387151384413883e-1
 1.8260315749034320e-1
 1.2955475912240300e-1
-1.5034837186676939e+0
 1.7962695505013879e-1
-5.0770822028433438e-1
-3.6059812820408599e-1
-1.2910953678589379e-1
-5.5331619156269307e-1
-1.3725424909481150e+0
-1.7144108698258320e-1
-6.6619724233092559e-1
-3.5236171469660182e-1
-7.7995120813185348e-1
 1.9230696747226781e+0
 3.7172522901372801e-1
 1.9306954390511930e-1
 1.7484117955964160e+0
 1.0472928508929320e+0
 2.4214956701874829e-1
-1.7810389980873620e+0
-1.7658484993786130e+0
 1.3153054813768550e+0
 2.6503600062615829e-1
-5.7142397286040958e-1
-1.2348488472492680e+0
 1.6437197496412689e-1
 2.8533983552714470e-2
 6.8506493390975665e-1
 1.0398527550595560e+0
 1.1670150435693449e-1
-2.2081932869998061e-1
-1.9587378249632410e+0
-1.8877406693430301e+0
 1.1854666781116350e+0
-4.8109730058472172e-1
 4.7521678495252517e-1
-8.1247795439287984e-1
 5.4568273874971762e-1
 1.7700119062978179e+0
 4.8327839094120889e-1
-1.7338587839166281e-1
-9.8999246658979756e-1
 2.1626537577781191e-1
 9.5661454464636109e-1
-6.9668327913232819e-1
-7.7267923859004595e-1
 1.3975572005029551e+0
-7.7170490940142022e-1
-1.5588576241442329e+0
-3.2784764719352072e-2
-6.9964606048821432e-1
 1.2604909296161280e+0
-1.0368052819989779e+0
 5.9588670446442316e-1
-1.3376836584416901e-1
-1.9377634187203729e-1
 7.2442600322469886e-1
 4.4614306579492119e-1
-6.4722465226696757e-1
-9.4405619006712061e-3
-3.0849391535079579e-1
-1.1369523412056439e+0
 1.0658920122037441e+0
-3.2703290488868819e-1
 6.4803169604175770e-1
-2.0573371538963339e-1
 7.0286223944263782e-1
-5.9372753538493628e-1
 5.9083319451918992e-1
 2.1375412496817339e-1
 1.0906053318761271e+0
 6.7082275480730058e-1
 1.7913706260787809e+0
-2.9025463039279792e-1
 8.3947924139554722e-2
 6.7451415611648602e-1
 2.1536258763992991e-1
-3.9894693436694212e-1
 1.1519800218447711e+0
-2.2216541685664328e+0
 3.8458729294266819e-1
 3.8526668055604357e-1
 8.9881893788559530e-1
-3.5048713153886267e-2
 2.6741820088198680e+0
 8.8484532184259346e-1
-6.5097668620720167e-2
-1.7669253760514450e-1
 1.7964437145106080e-2
-1.4628789324457470e+0
-5.1882590995206679e-1
-3.8373058082669068e-2
 4.3473026046233409e-1
 7.7571903420361543e-1
 3.4688293222310390e-1
 1.1595552020440509e+0
 1.5849316069029109e+0
-6.9920059532873291e-1
 2.0828971802365029e-1
-4.9938172495922589e-1
 1.1558497795237721e+0
-9.0859449420233795e-1
-5.3871645760039732e-1
 3.2418364535234417e-1
-9.5675533020737002e-2
 2.1315671516033081e+0
 6.1353434514810268e-1
-8.2894400429596360e-1
 1.1910440210470630e+0
-7.2218881191023321e-1
 4.2643534714190273e-2
 1.2822324540610761e+0
 1.0339418500493189e+0
 1.7192918952054681e+0
 1.4726323950204270e+0
 3.9509981950597861e-1
-1.0720323090873449e+0
 2.0758376809320350e-1
 1.1974057223613399e+0
-7.3972529091415451e-1
-1.2037780715108211e+0
-1.9333697352983199e+0
 1.2316619051287190e+0
 7.3525517020792863e-1
-1.6374861266839040e+0
-5.4202964713415736e-1
 1.3792932136849669e+0
 8.3047071083682061e-2
 2.0394791133593090e-1
 6.0623884479153889e-1
 5.1830802614270577e-1
-1.6001437551035731e+0
-1.2366645422099560e+0
-1.9268153137061730e-1
-3.1665146650519771e-1
-1.2918190626962140e+0
-1.6290259245974139e+0
 2.7954343535007792e-1
 4.5421110715078861e-1
-1.5583107592665919e+0
 9.1807531487527383e-1
-6.8736295780975687e-1
 1.0083892006502870e+0
-2.5306263632374693e-1
-7.9073747525684923e-1
-1.4585726480882351e+0
-2.2846169288199660e+0
 1.2308529273337900e+0
-2.1163589358256640e+0
 9.2765896997678149e-2
 2.5718281422865559e+0
 5.0859665891499706e-1
-5.0477822825544394e-1
 7.5295817142385790e-1
 9.6122637075197270e-1
 8.7352691162020613e-1
-9.3115753001497326e-1
-8.2600209790000145e-1
 6.4053127593438242e-1
-1.8126495057967771e+0
-3.7769651920841713e-1
-9.6883802689672810e-2
 2.0389889116988968e-2
-5.6664087319968637e-2
-1.5398480844180920e+0
 6.7484614220312011e-1
-9.6439905177296736e-1
 4.8123004785985929e-1
-4.4014243433466421e-1
 5.9802121331510272e-1
 2.4302328591146161e-1
-5.5701715770108873e-1
-3.4678800978421093e-1
-2.4693964125122991e-1
-3.7203130268975648e-2
-1.0288463378809301e+0
 5.6247780797786207e-1
 1.0332310132169700e-1
-5.7389032036220568e-3
 4.8214281951757913e-2
 9.3684034500594954e-2
 5.2055386290602634e-1
 1.2333666018805849e+0
 3.3572601723258633e-1
-9.1732190653811010e-2
-4.9294314853067728e-1
 2.6205731937670218e-1
-2.5130282446866792e-1
-3.6573625969115070e-1
-5.8010596428769690e-1
 2.0682120537609180e-1
-8.9293439288369747e-1
 6.6809471026330991e-1
 4.9225557917732421e-1
-8.1565043342063950e-2
-1.8906849113834090e+0
-2.6879601910860618e-1
-1.2843995275401621e+0
-1.2772601072832881e+0
 8.7611974141989413e-1
-1.2629276863791770e+0
 5.3308964483572296e-1
-6.1479617152918187e-1
 2.4309080719385041e+0
 2.8532415777537712e-1
-5.6548239866410765e-1
-1.7090156583959391e+0
-1.3139067975113370e+0
 1.6125168586726339e+0
 1.9122756655258119e-1
 1.5635412424393191e-1
 9.6961790404937154e-1
 7.8724514594370854e-1
-1.6756433622555520e+0
 3.6698889593470459e-2
 2.3317071904133071e+0
 6.9134499771102753e-1
 1.4368173279430581e+0
-2.2587754377143279e+0
 3.7836310534292411e-1
-1.9478128856709390e-1
-8.9244375821553701e-1
-1.3405294821180080e+0
-9.7584916052876247e-1
 3.0446852503758501e+0
-8.8910380613004172e-2
 8.4196197684141172e-1
-1.1436363392324671e+0
 1.6435002648308110e+0
-4.5457130376324262e-1
-5.4677359468703468e-1
 2.9667758864484900e-1
-1.2639380255239521e+0
 8.9954096527181159e-4
-1.5448191496013519e+0
 1.7839775740864791e-1
-2.2818709011341831e-1
-6.1032200838846573e-1
-4.6900498878925412e-1
-6.9219982741514230e-1
 5.5708852249541119e-1
 5.8330087010735776e-1
-2.8618711264257302e-1
 6.7678422559595108e-1
 1.0569258166576809e+0
 3.5802658992227759e-1
-6.0737887293683124e-1
-8.9195188440055931e-2
-1.7496181576272241e+0
 9.1139186032497999e-1
 1.6608708048530391e-1
 1.6638428123658020e+0
 2.7842965377220230e-1
 7.0680197633919595e-1
 4.5707248780517001e-1
 6.6802113394752471e-1
-1.3722509894873101e+0
-6.1675771776937616e-1
-2.2731881350515949e-2
 2.5893922873508962e-1
 1.0777346781202530e+0
 1.2337571849246870e-1
 1.0298054111125550e+0
 3.0626009624641382e-1
-5.6212333845636331e-1
-4.1310077066003431e-1
-9.7557454502052277e-2
 2.1277915965837000e+0
 1.2516913820838340e+0
 8.9869784339334713e-1
-1.2490309830152111e+0
-4.0339007628305529e-1
 4.5691194714033928e-3
-1.6389829651067680e+0
 1.7988809212195620e+0
 1.3643551542880390e+0
-1.1259419285101990e+0
-1.3337422301627469e-1
-6.7432093246104455e-2
 7.9494907794816672e-1
-9.3011962501770140e-1
-3.7918221415599568e-1
-1.9790592707813520e-1
 3.8742573509647582e-1
-1.1982358777253059e+0
-4.8058713709770801e-1
 9.4074760175093919e-2
 2.8875199970724202e-1
-9.2928117373525099e-1
-9.8633594119906065e-1
 1.2160463358828550e+0
-6.6019533032758226e-1
-5.7825209756128282e-1
-2.6332840516955711e+0
-1.7634365659195089e-1
-2.5010837180614498e-1
 2.7042862885498260e+0
 5.5867571064020316e-1
 1.7719249716640409e-1
-9.3899830555925023e-1
-3.6675396619150191e-1
-1.2414432981528770e-1
 9.6219255965283035e-1
-3.3922897977204108e-1
 1.5969096806284730e-1
-1.8127506929378649e+0
-2.4697055684937841e-1
 1.3229690681515680e-1
 5.0438370349017725e-1
 3.4572169431491179e-1
-3.2910980475490759e-1
-2.1435233256978631e-1
-1.3481228497482101e-1
 4.8275269990040101e-2
 1.5262599809085271e+0
 1.7760381854432980e-1
-3.7034257579517299e-1
 5.3381241193343554e-1
-8.2313311370302134e-1
-2.1899408748388000e-1
-1.0827165900550999e+0
-7.7143223566324981e-1
 1.6479792233434269e+0
 9.3149487329861225e-1
 1.6484324542918130e-1
 4.5193135331619290e-2
-2.0388304369394699e+0
 5.9232785829880930e-1
-8.5701362185724683e-1
-1.5921131876551460e+0
-6.6953409071761183e-1
 1.1033545751936611e+0
 2.2365554131971912e+0
-4.9058837255737142e-1
-3.5236556054937790e-1
 5.1049554018262677e-1
-5.7156265932060635e-1
-1.3345131307174721e-1
-2.5775140144217268e+0
 9.6238526305451899e-1
-3.1038395417287070e+0
 1.1020347790238880e+0
-5.7813824335752988e-2
-1.3797038870495210e-1
 1.0068284584983620e+0
-1.7785261447538290e+0
 6.5690770013906674e-1
-2.0543519331157571e+0
-7.1605408097665940e-2
-2.1023983403768778e+0
-4.1864299962962459e-1
-6.7303367557874680e-2
-1.0968838924475479e+0
-1.1471669369105770e+0
-7.2038307239635946e-1
 2.0895383075094401e-1
-1.4375640760370860e+0
 6.9032358901367674e-1
 8.2715193073449478e-1
-2.0766016294477699e-1
-9.0675071887096415e-1
 7.5741117396081736e-1
 5.8529229851189102e-1
-9.9500403356930522e-1
-1.4583609294604869e+0
-1.1330998350655299e+0
 1.1244388849734801e+0
 6.5043213749482603e-2
 5.5973341967846080e-1
-1.8018594977913680e+0
-7.3042524825137289e-1
 1.3994881438632429e+0
-6.3630540570389960e-1
 1.1498505816954809e+0
 1.9255673498898901e-1
-3.2489726688344711e-1
 7.5578194631635442e-1
-2.0801496103134509e-1
 6.5049131471239807e-2
 2.4450309932637071e-1
 3.7983515778560012e-1
 2.6306915864160780e+0
 1.1461932243338990e+0
 1.3789299415603160e+0
-1.2846041506808201e-1
 1.0777086566180250e-1
 7.2154683952431881e-2
-2.2862486912217661e-1
-3.5534053091873030e-1
-2.5354691237553950e-1
-1.0967676182901931e+0
-2.5200303920983219e-1
 1.4329057888392880e+0
 1.2623971488159191e-1
 9.4106499038681057e-1
 5.3643218629931355e-1
-2.8376244414003671e-1
 2.3929691056140501e-1
-6.4025164861251060e-1
-4.9672252471954370e-1
 1.2445305438450009e+0
 3.8498136338090028e-1
 1.3393813141824380e+0
 5.8850274491444732e-1
 3.6934055288812169e-2
-2.1716191056668330e-1
 9.5371276528344651e-1
 1.3930646313769379e-1
 8.9925558705095929e-2
-4.1823590683883383e-1
-6.8944716514685966e-1
 3.7019667300278047e-1
-2.3811227671775731e-1
-7.0849285978681154e-1
 7.9418186931751455e-1
 7.6125640817834428e-1
 1.5649085326766330e+0
-4.7011963405450719e-1
-4.7064146036770949e-1
 7.8389160468125552e-1
-1.5869269929804639e+0
 2.2998447487630642e+0
-8.7288766450958843e-1
 1.3352292641415970e+0
-1.9035085357956980e+0
-3.3648662194440843e-1
 9.5767708175681798e-1
-9.7213085190024018e-1
 9.3300635830531764e-1
 5.1379801384581203e-1
 1.1551606923462010e+0
-1.4642945908872471e-1
 9.0683471267172827e-2
-1.1420928155786430e+0
 1.2143896436482481e-1
-2.0138273830075651e-1
-5.2304612646793369e-1
-2.2988666802810939e-1
 6.7602888035944853e-1
-1.0342187580967239e+0
 1.1304539637062980e+0
-2.6127195650591450e-1
-2.0918420174723809e-1
 1.2404176845003840e+0
-2.5988285986267928e-1
 1.2381675279994311e+0
 4.3036387958215938e-1
 1.2275117051863560e-1
 1.0036136036106160e+0
-9.2888066149202431e-1
-1.9724406584125080e+0
-3.3991978815027490e-1
 6.6948388500193601e-1
 5.1139231358158477e-1
-2.1491984624877619e-1
 1.5395544219735620e+0
 4.3793807464221463e-1
 1.0365003255414940e+0
 6.6307809295342424e-1
 1.3808141525214060e-1
-8.4204480020036235e-2
-1.7382860262917481e+0
-1.6630088275849650e-1
-5.9029454773357352e-2
-5.9151791548921184e-1
 9.1740730126911529e-1
 8.0937009058119358e-1
 4.5034694711904683e-1
-5.7933236938639432e-1
-4.0108637989343038e-1
-1.3988566447282541e-1
 7.4250605846006146e-1
-5.8615905427172199e-1
 1.0470244736024990e+0
-2.4204964728107221e+0
-3.8130524662989701e-1
 1.8591032562864700e+0
 1.1520384979186150e-1
 1.3166291790918310e+0
 3.4240404677205699e-1
-1.7757586271139761e-1
 4.4391227403059969e-1
 1.0299240078601899e+0
 1.4977268547050731e+0
-2.3251074004869299e-1
-5.6152089424581098e-1
-6.5778802019764016e-1
 2.7359709798485582e-1
-2.3946092251570189e-1
-1.8040759215345921e+0
 5.2412969600547610e-1
 1.4020851752663060e-1
 3.7969876309392819e-1
-4.2811411016736689e-1
-1.6990954419792670e+0
-3.3261499322842357e-2
-1.8296921144079550e-1
 1.9320655355635469e-1
 5.7694792265963712e-1
 2.5997867299651151e-1
-1.3323700778721901e+0
 2.3406574512700100e+0
-1.4008351184708299e-2
 7.9102961681664963e-1
 1.0229874956623251e+0
-2.3788691891902411e-1
 6.0468748766671188e-1
-3.3738256039856368e-1
-2.5501285264892429e-2
 8.2708437151826752e-1
-2.3807059263283741e-2
 6.9305184232935457e-1
 1.4427841614324679e+0
 9.0852993351383393e-1
-4.0875607750975729e-1
-1.0979808436662339e+0
 2.0356325901613892e+0
-6.2975972893266230e-1
 3.2090345138374532e-1
-2.9498048274620248e-1
-1.1918848941709590e+0
 5.3373470210646612e-1
 8.6775028210444652e-3
-6.3563553393265826e-1
 6.8025947216932126e-1
-1.8615981807870470e+0
-1.7245476053848561e+0
-1.2274140873427459e+0
-1.0485314743161791e+0
-7.0929653228219636e-1
 3.7930705707806739e-1
-1.3641397492748710e+0
 6.6462640933431050e-1
-1.0317306026954939e-1
-1.7891116412485490e+0
-5.2422891112821135e-1
 4.0335722440486382e-1
 7.8990258915536538e-1
 4.8094897895228639e-1
-5.8937783490530993e-1
-8.0329059956294546e-1
-8.5555568760445289e-1
-1.2089297305233200e-1
 1.8933529451257660e+0
-6.8119733608517068e-3
 2.6819622317922840e+0
 8.5205843359632938e-1
 9.9069755702447804e-1
 7.6062317756619313e-1
 2.2894175624016341e-1
 6.7584115983591098e-1
 9.8003233774973345e-2
 1.0218786206929500e-1
-5.6731648195579210e-1
-1.5312278043274941e+0
-8.1775180743987552e-1
 2.4214270213159761e-1
 1.0962129120127539e+0
-3.6987901189965942e-2
 8.4263105518769621e-1
 1.3969701897288180e+0
-1.1471420606725029e+0
-1.3216073059410420e+0
 1.9949450965401891e-1
-5.1490273417097265e-1
-5.6227546001686024e-1
-7.1362442814143068e-1
 8.4127543336713217e-1
-2.6309008323697491e+0
-3.5627579799765519e-1
 2.0089993542737661e+0
-1.0832775140420361e+0
 3.0807209185005729e-1
-1.2275652940262800e-1
-8.1228830056120072e-1
-2.2368498371711190e-1
 4.1019827319979962e-1